1.723836001104418392e+04 7.095937603286937701e+03 5.557304017253883103e+03 4.285406061610313373e+03 2.970144681089158439e+03 2.367267795527292492e+03 1.746413647033720736e+03 1.278005768006982407e+03 9.429181648091405350e+02 7.247219390529669454e+02 5.237829381223108385e+02 3.678964552506307655e+02 2.660738330637534546e+02 1.975468889409786186e+02 1.368833448173503484e+02 9.188861567590484469e+01 6.426904005701909739e+01 4.432297728366358314e+01 3.191198127894059766e+01 2.126931167583339999e+01 1.426508045959674753e+01 9.855839560290014845e+00 7.825532971376717661e+00 6.511881817913122816e+00 5.445119348410268678e+00 4.734349371087317238e+00 3.973678453902910856e+00 3.254549483183893699e+00 2.823608324296237981e+00 2.347695120877941743e+00 2.082799056192699005e+00 1.954243080019753664e+00 1.698360587740353589e+00 1.502767306855921747e+00 1.378690256851067497e+00 1.253542004261247955e+00 1.164918640090813806e+00 1.069175152320501310e+00 9.905847806057043181e-01 9.049920327612188675e-01 8.355447910900816177e-01 7.661164958502836297e-01 6.952030481298636655e-01 6.368424628467174164e-01 5.657903971531735854e-01 5.028665768861402263e-01 4.392893334894022450e-01 3.600822405869623100e-01 2.840432194028064683e-01 2.162431416036784404e-01
7.095937603286937701e+03 9.332313849700236460e+03 4.094625095129217698e+03 3.232874203926673090e+03 2.440699682971008770e+03 1.742982961257935358e+03 1.432260640473504054e+03 9.708828906676775432e+02 7.151284976098701236e+02 5.449225873795935513e+02 3.960074936454424233e+02 2.852597702874633114e+02 2.012422197453331876e+02 1.506049525668733224e+02 1.019883886849467842e+02 7.182383161842427910e+01 4.944623820300321171e+01 3.308154323467467606e+01 2.371578381925250056e+01 1.558793022262083383e+01 1.051894995489001872e+01 7.344228440695522941e+00 5.703436988575981914e+00 4.629769619324129337e+00 3.841438734165233626e+00 3.605823466437673375e+00 3.033875576800889373e+00 2.462879052999587870e+00 2.122633777071027517e+00 1.804348147090936161e+00 1.605325854528595109e+00 1.467946577679355435e+00 1.268899207889313319e+00 1.131620899342550279e+00 1.015653940482826423e+00 9.460367297754277427e-01 8.737316976708471294e-01 7.985915478146098367e-01 7.304880222165609505e-01 6.664817299071549295e-01 6.171362659963021136e-01 5.812391712111731890e-01 5.247230078113139795e-01 4.837707744684556221e-01 4.289150726348020526e-01 3.798842218379644975e-01 3.286579425294977597e-01 2.740414925332312901e-01 2.165958051202025170e-01 1.621142024120355296e-01
5.557304017253883103e+03 4.094625095129217698e+03 5.347666504116857141e+03 2.462950224115252240e+03 1.822032110183762825e+03 1.408877903433260826e+03 1.083774855785204409e+03 7.294155191971119621e+02 5.623904424207861439e+02 4.304049252152167355e+02 3.196975494351256657e+02 2.189943727474874038e+02 1.591716434591808991e+02 1.147762332333641524e+02 8.151178142254852332e+01 5.572806420468031519e+01 3.937125538539486769e+01 2.673098232387019024e+01 1.819244609709287630e+01 1.211884469337744541e+01 8.282734751819754493e+00 5.859753777229846250e+00 4.725863904852745101e+00 3.687056559518130161e+00 3.083727363542061450e+00 2.759209483972545396e+00 2.300276009871526472e+00 1.888872450435783668e+00 1.679040770143598760e+00 1.456142151037341126e+00 1.277842003821351380e+00 1.151982178343667229e+00 9.923218900411919785e-01 8.996693665282744501e-01 8.087895587950586496e-01 7.472903932030016128e-01 6.919271360967921281e-01 6.388619089145610719e-01 5.820590997321436477e-01 5.224027413786945795e-01 4.860041367750116970e-01 4.490719115816425022e-01 4.093629985279553241e-01 3.749437097749029890e-01 3.368750492873325286e-01 3.038351419405312948e-01 2.656059345141107420e-01 2.200031978965800161e-01 1.773942661752779537e-01 1.372267114281879030e-01
4.285406061610313373e+03 3.232874203926673090e+03 2.462950224115252240e+03 2.962912358782039064e+03 1.411990615478231575e+03 1.085961771536128254e+03 8.478966003738452173e+02 6.055481243036977048e+02 4.544118445336603713e+02 3.324015416520973076e+02 2.471801984411723652e+02 1.684058173939142762e+02 1.243563226904388301e+02 9.204631518785318178e+01 6.192709552880496915e+01 4.246543733115577623e+01 2.957112692954320821e+01 2.041949670618275903e+01 1.426172237316587754e+01 9.701210118464127063e+00 6.425290945560001354e+00 4.610411888766620336e+00 3.559022448900601265e+00 2.832674383415890951e+00 2.443306390189174504e+00 2.192307547378588239e+00 1.863928566614870164e+00 1.561517373567393729e+00 1.308732756787435170e+00 1.152670786442701267e+00 1.026678709664065492e+00 9.202189958968791661e-01 7.853115664541118202e-01 7.128329928076037048e-01 6.372451931590268348e-01 5.869041119758270364e-01 5.410380386070838821e-01 4.957577008092118875e-01 4.579358786819390237e-01 4.191514868153773943e-01 3.862169982649041322e-01 3.575586392835142235e-01 3.252960695819790415e-01 2.988395953183257681e-01 2.664834227889492646e-01 2.384027434642550791e-01 2.056833903155804166e-01 1.685681038572195423e-01 1.312603320368557758e-01 9.772900770540481064e-02
2.970144681089158439e+03 2.440699682971008770e+03 1.822032110183762825e+03 1.411990615478231575e+03 1.592139512125858573e+03 8.199824033113270616e+02 6.393028618016069231e+02 4.444830803977969254e+02 3.291648842172203899e+02 2.517909049357858180e+02 1.845660081352429813e+02 1.273877523007172385e+02 9.050162441977833794e+01 6.672159120782448838e+01 4.661270610557892979e+01 3.151284239867645098e+01 2.191249793124773149e+01 1.486966897727797488e+01 1.027820790611983703e+01 6.829074979052388805e+00 4.619253589051509401e+00 3.278372745855170134e+00 2.568060211096491852e+00 2.125621229595226147e+00 1.736745668986726887e+00 1.548031333748651983e+00 1.343469417749051598e+00 1.111776486055236157e+00 9.783980133326339867e-01 8.402169145057671873e-01 7.378578517944557325e-01 6.820823009201606446e-01 5.835529882754030284e-01 5.177387512537955372e-01 4.673469870621687616e-01 4.316507785460649838e-01 4.010421366890435935e-01 3.724498258829571640e-01 3.457611649517783325e-01 3.142655715913992287e-01 2.901938994380393044e-01 2.691597541058003418e-01 2.448097336294411674e-01 2.256198363822937425e-01 2.027170623111287373e-01 1.813402341440741583e-01 1.579723498949661686e-01 1.320499946425101045e-01 1.052911609663950560e-01 8.030504372543931235e-02
2.367267795527292492e+03 1.742982961257935358e+03 1.408877903433260826e+03 1.085961771536128254e+03 8.199824033113270616e+02 9.091722044911123248e+02 4.766281178573127022e+02 3.370944179986499307e+02 2.503632544600068854e+02 1.874524140036396602e+02 1.408982631652616533e+02 9.656293874147904432e+01 7.170019555159349522e+01 5.221045422313742534e+01 3.589714915905666714e+01 2.475928601400942242e+01 1.688632147519876625e+01 1.156741274779319539e+01 8.039143240489769582e+00 5.359492603497923113e+00 3.721148477078069838e+00 2.583118450526441290e+00 2.057937729239633917e+00 1.628014727651146742e+00 1.365803880265244574e+00 1.216097012147148382e+00 1.039138522834307299e+00 8.866490773437010198e-01 7.465220534504543037e-01 6.480980237704435654e-01 5.554624550717824905e-01 4.962971863267262584e-01 4.324801082590252199e-01 4.013637286582814045e-01 3.669413943743646822e-01 3.333097650020268032e-01 3.058660966653428126e-01 2.813871089772960188e-01 2.584654106166524024e-01 2.371525141741965825e-01 2.208424474193665110e-01 2.062498717565130757e-01 1.867893924522654736e-01 1.704468395245001544e-01 1.507397108594188961e-01 1.347555732909453130e-01 1.183326879101144063e-01 9.954655370859930019e-02 7.964487133669423402e-02 6.126027367653182759e-02
1.746413647033720736e+03 1.432260640473504054e+03 1.083774855785204409e+03 8.478966003738452173e+02 6.393028618016069231e+02 4.766281178573127022e+02 5.167685032232809590e+02 2.593987966797661784e+02 1.913750240783370202e+02 1.461299648392149777e+02 1.042026694358636263e+02 7.459893032472243135e+01 5.301152788045554587e+01 3.943655541788191954e+01 2.660235480494310778e+01 1.870538416890824251e+01 1.298375192414347623e+01 8.791087192891877677e+00 6.113564690442762739e+00 4.093622650356710579e+00 2.810090175659481382e+00 1.969843571501127988e+00 1.591160410106210898e+00 1.267138701425184699e+00 1.054999846942627606e+00 9.620656728676189040e-01 8.046298771905230351e-01 6.586205378911678121e-01 5.648831552336740502e-01 4.973251995618775956e-01 4.308430028757297414e-01 3.918007394017402056e-01 3.358349572938527650e-01 3.012120492718527442e-01 2.717827080693397401e-01 2.476221693126785250e-01 2.316251569958160395e-01 2.106478434256126020e-01 1.942333553157649106e-01 1.764392106506482705e-01 1.631143499332945446e-01 1.506069163502042618e-01 1.371618774634774385e-01 1.259583474002558268e-01 1.135879142516901530e-01 1.023065909478447083e-01 9.122902122160750360e-02 7.668877725689247915e-02 6.123280296528857414e-02 4.695041935006212530e-02
1.278005768006982407e+03 9.708828906676775432e+02 7.294155191971119621e+02 6.055481243036977048e+02 4.444830803977969254e+02 3.370944179986499307e+02 2.593987966797661784e+02 2.526941558037814559e+02 1.355865427935771947e+02 1.038735096956966544e+02 7.495533748300691457e+01 5.200078621412838231e+01 3.755691214011704204e+01 2.791201911958540549e+01 1.910726879931087296e+01 1.310268693160427844e+01 8.955133450929528394e+00 6.151266842507975952e+00 4.351324929998543034e+00 2.911916332888315306e+00 1.961490200461432298e+00 1.372942852417211146e+00 1.036008366534572955e+00 8.413322081332788027e-01 6.970895877150561359e-01 6.349191739511492738e-01 5.386409213353170466e-01 4.546758887950126393e-01 3.907262543422687084e-01 3.361857136436908200e-01 3.034168561927003682e-01 2.726234596451970749e-01 2.400078355023152199e-01 2.112841733810323641e-01 1.864109366964235570e-01 1.724670919625652388e-01 1.619713718934134294e-01 1.483897177903925613e-01 1.371584548552411131e-01 1.242299852873896965e-01 1.156930152156059183e-01 1.078444801369928541e-01 9.792953621407241016e-02 9.018128349696194479e-02 8.116634600405221722e-02 7.230600658902952560e-02 6.315295834573574074e-02 5.258642583668284715e-02 4.174809957504776320e-02 3.183900248162664648e-02
9.429181648091405350e+02 7.151284976098701236e+02 5.623904424207861439e+02 4.544118445336603713e+02 3.291648842172203899e+02 2.503632544600068854e+02 1.913750240783370202e+02 1.355865427935771947e+02 1.384337026536146027e+02 7.943183171111220986e+01 5.806273868140915795e+01 4.048821151152238684e+01 2.835052238211541820e+01 2.113753527848442815e+01 1.444014629420017393e+01 1.005427740187037067e+01 6.813539499566973134e+00 4.661478622897931245e+00 3.215988555652780079e+00 2.164619885765636020e+00 1.462033931704565193e+00 1.064105990703399618e+00 8.359247585264265590e-01 6.677998503554780640e-01 5.483099406796750896e-01 5.039178869553796458e-01 4.258649262329478047e-01 3.492612111126048857e-01 3.057317037542057747e-01 2.638442310681216041e-01 2.293443381709697471e-01 2.051024295474317138e-01 1.825433273538394352e-01 1.615331751807883298e-01 1.435565320693694136e-01 1.315567038962057178e-01 1.218883182679805083e-01 1.114231982718112829e-01 1.033388473009136249e-01 9.461563990847102201e-02 8.808246692771722064e-02 8.189421821578354854e-02 7.515903712869702324e-02 6.884506296910922196e-02 6.199270056690991959e-02 5.516915981142251485e-02 4.814063058658228644e-02 3.999373415206738946e-02 3.188979303203046123e-02 2.451863784083140041e-02
7.247219390529669454e+02 5.449225873795935513e+02 4.304049252152167355e+02 3.324015416520973076e+02 2.517909049357858180e+02 1.874524140036396602e+02 1.461299648392149777e+02 1.038735096956966544e+02 7.943183171111220986e+01 7.636154380756934756e+01 4.289974926646537767e+01 3.041794214976747668e+01 2.194092908514375040e+01 1.598997927714350098e+01 1.104051338188426357e+01 7.509526180685054619e+00 5.183168744909683490e+00 3.570639338678154751e+00 2.426132505402101902e+00 1.639258012021920674e+00 1.109078765856068571e+00 7.778084245704171007e-01 6.116836053416629948e-01 5.047968594031809753e-01 4.183926117366941200e-01 3.879205492427750257e-01 3.266617136406862465e-01 2.704572362622567061e-01 2.304645100508494193e-01 1.966469280550925680e-01 1.755403904368791623e-01 1.569160064668307097e-01 1.359634454943425830e-01 1.226447543560445774e-01 1.106022129035516138e-01 1.014937940114217507e-01 9.245937268278275889e-02 8.530295960672142075e-02 7.865808101075243142e-02 7.214331446061093833e-02 6.729151249326621731e-02 6.210964393932433270e-02 5.720291228610688283e-02 5.254130637186649883e-02 4.687144562087187938e-02 4.197331376596687147e-02 3.670128889977181119e-02 3.054852734519893087e-02 2.442874541947887695e-02 1.896112037576769271e-02
5.237829381223108385e+02 3.960074936454424233e+02 3.196975494351256657e+02 2.471801984411723652e+02 1.845660081352429813e+02 1.408982631652616533e+02 1.042026694358636263e+02 7.495533748300691457e+01 5.806273868140915795e+01 4.289974926646537767e+01 4.035631768758984350e+01 2.272728199825515460e+01 1.637990183070145633e+01 1.168447857025336134e+01 8.235095539473739734e+00 5.614037878608136189e+00 3.773321171942111807e+00 2.636405761035109485e+00 1.783977237449077879e+00 1.195896989579068759e+00 8.052037672951293246e-01 5.732409107660206837e-01 4.506718901394551891e-01 3.754072033210121839e-01 3.106985976999392940e-01 2.770648344003796004e-01 2.305328665515287423e-01 1.909388823299434101e-01 1.696644624725691386e-01 1.466340750062747611e-01 1.277401194809852925e-01 1.158557429347858714e-01 9.943012228185084400e-02 9.065342075053707538e-02 8.114171562760028045e-02 7.400206338201922862e-02 6.816326687715623667e-02 6.265905067861421429e-02 5.732890387437322016e-02 5.250659531686200504e-02 4.899507051342525538e-02 4.559274093671777939e-02 4.138865315265246453e-02 3.779976646138400592e-02 3.393215285330163089e-02 3.024362380693139049e-02 2.632741759612531110e-02 2.186679635423970439e-02 1.751256812844659630e-02 1.334495220010096898e-02
3.678964552506307655e+02 2.852597702874633114e+02 2.189943727474874038e+02 1.684058173939142762e+02 1.273877523007172385e+02 9.656293874147904432e+01 7.459893032472243135e+01 5.200078621412838231e+01 4.048821151152238684e+01 3.041794214976747668e+01 2.272728199825515460e+01 2.015612111285858532e+01 1.155018036912912827e+01 8.287953728700108158e+00 5.738302320595146888e+00 3.934685890087284310e+00 2.685970364133626997e+00 1.850467530471477051e+00 1.271252905894194152e+00 8.284282164502487777e-01 5.714043463833496928e-01 4.121701877544919346e-01 3.196221734594645869e-01 2.614919394428866228e-01 2.166276280157001799e-01 2.014645363174609738e-01 1.661291884274250508e-01 1.375302655045501088e-01 1.191290099679467029e-01 1.039827824421157426e-01 8.982799629863766344e-02 8.161459208896156003e-02 7.039447289265983454e-02 6.390494519113720795e-02 5.669184932549962974e-02 5.215113562869413966e-02 4.801663759761279349e-02 4.408253461276686463e-02 4.103760439575215163e-02 3.717682974503244003e-02 3.491871679252907257e-02 3.225330970418442689e-02 2.920633638096299667e-02 2.669263493188486769e-02 2.398751351114903826e-02 2.138271007627711232e-02 1.857980499749481776e-02 1.547862184946081909e-02 1.234130143824672086e-02 9.540181385249334178e-03
2.660738330637534546e+02 2.012422197453331876e+02 1.591716434591808991e+02 1.243563226904388301e+02 9.050162441977833794e+01 7.170019555159349522e+01 5.301152788045554587e+01 3.755691214011704204e+01 2.835052238211541820e+01 2.194092908514375040e+01 1.637990183070145633e+01 1.155018036912912827e+01 1.038961249906860296e+01 6.127126382933139048e+00 4.190452720199564496e+00 2.881284898614997481e+00 1.951395584388491367e+00 1.335309852465539793e+00 9.186755230156478103e-01 6.154696271028222698e-01 4.226989305430872146e-01 2.947012139094223881e-01 2.346460674749994146e-01 1.853777251634948497e-01 1.571631346940865759e-01 1.405825794355241576e-01 1.184244612056357948e-01 9.927716848315924769e-02 8.662953634917759660e-02 7.545841278750137215e-02 6.522044971723460483e-02 5.932281662227078395e-02 5.183437977313008066e-02 4.686351987630961446e-02 4.198125792722755961e-02 3.801174279447066401e-02 3.519741728846070145e-02 3.240100141016317298e-02 2.971266638152651393e-02 2.712163571770282583e-02 2.534666555642995159e-02 2.350250220528811093e-02 2.123778684467473449e-02 1.937153082247042649e-02 1.738141740665076485e-02 1.562101797048280789e-02 1.365988241847053419e-02 1.136911522346708420e-02 9.100430892796839560e-03 6.950883878165213005e-03
1.975468889409786186e+02 1.506049525668733224e+02 1.147762332333641524e+02 9.204631518785318178e+01 6.672159120782448838e+01 5.221045422313742534e+01 3.943655541788191954e+01 2.791201911958540549e+01 2.113753527848442815e+01 1.598997927714350098e+01 1.168447857025336134e+01 8.287953728700108158e+00 6.127126382933139048e+00 5.432274127648062390e+00 3.115695192924020862e+00 2.152013094000012838e+00 1.459864010873202389e+00 9.990976724707805179e-01 6.914466733500219675e-01 4.610708245919505344e-01 3.131311711828239641e-01 2.217837779047824587e-01 1.718725701239011139e-01 1.417532169939916542e-01 1.163842481312851868e-01 1.079947770259884199e-01 9.072094335722367953e-02 7.538279194338111389e-02 6.509347579990673593e-02 5.630623713311659617e-02 4.863331670961476560e-02 4.400486790816270782e-02 3.856271928830130175e-02 3.472450919239757072e-02 3.123545891773520447e-02 2.871711122931604881e-02 2.614986252424333218e-02 2.390153529588181364e-02 2.203347468175655480e-02 2.004443397685992320e-02 1.857363938913208015e-02 1.729364614224557922e-02 1.578441166257414305e-02 1.445001128711283916e-02 1.292146295002504462e-02 1.156271670649916018e-02 1.015923053994930228e-02 8.456537682592173838e-03 6.746734147213465267e-03 5.191787772135374526e-03
1.368833448173503484e+02 1.019883886849467842e+02 8.151178142254852332e+01 6.192709552880496915e+01 4.661270610557892979e+01 3.589714915905666714e+01 2.660235480494310778e+01 1.910726879931087296e+01 1.444014629420017393e+01 1.104051338188426357e+01 8.235095539473739734e+00 5.738302320595146888e+00 4.190452720199564496e+00 3.115695192924020862e+00 2.610585014589452246e+00 1.514022503166128963e+00 1.014384108682373276e+00 6.938039598646983386e-01 4.774262276904289171e-01 3.197132853629707228e-01 2.181218952031137581e-01 1.483962183545586566e-01 1.166041491946200881e-01 9.565077219502647610e-02 8.080331861573580854e-02 7.414665784140669902e-02 6.258281571975608804e-02 5.166047460484791271e-02 4.546163234579526924e-02 3.915635239102698700e-02 3.328760178127041641e-02 3.047590873493662145e-02 2.642835429870901004e-02 2.376821135164279911e-02 2.144403310560409615e-02 1.949090388086837863e-02 1.786492074478514616e-02 1.649483067261721045e-02 1.515429893760622017e-02 1.391824322411070597e-02 1.295179748381671513e-02 1.200972161193546855e-02 1.091807011573348724e-02 9.998246675334694980e-03 8.974413216626064838e-03 8.054214595911055388e-03 7.048689512227294778e-03 5.878761587624620547e-03 4.721732885362070302e-03 3.640642745366502817e-03
9.188861567590484469e+01 7.182383161842427910e+01 5.572806420468031519e+01 4.246543733115577623e+01 3.151284239867645098e+01 2.475928601400942242e+01 1.870538416890824251e+01 1.310268693160427844e+01 1.005427740187037067e+01 7.509526180685054619e+00 5.614037878608136189e+00 3.934685890087284310e+00 2.881284898614997481e+00 2.152013094000012838e+00 1.514022503166128963e+00 1.270787457266880915e+00 7.274164175825280632e-01 4.863948654934215354e-01 3.399101246809580479e-01 2.261828053782551085e-01 1.559550742000673507e-01 1.123429820151445324e-01 8.696015838884217641e-02 7.033226970924769117e-02 5.833806692195420140e-02 5.274884814982511855e-02 4.442433131928071044e-02 3.659387238144017063e-02 3.184851372433988165e-02 2.737305698860110353e-02 2.364252893385892715e-02 2.158087834962102436e-02 1.868862756385876803e-02 1.683274602716572713e-02 1.514969787399563991e-02 1.379831669279082268e-02 1.282880884388857418e-02 1.171729364986224056e-02 1.077439874133177822e-02 9.794486263961175651e-03 9.081628475887565041e-03 8.415213156453564894e-03 7.667007560323881900e-03 7.017886272479966631e-03 6.273371858539439870e-03 5.609413689807943131e-03 4.890710485343473246e-03 4.069061743216997179e-03 3.247454212733931044e-03 2.525991392558294465e-03
6.426904005701909739e+01 4.944623820300321171e+01 3.937125538539486769e+01 2.957112692954320821e+01 2.191249793124773149e+01 1.688632147519876625e+01 1.298375192414347623e+01 8.955133450929528394e+00 6.813539499566973134e+00 5.183168744909683490e+00 3.773321171942111807e+00 2.685970364133626997e+00 1.951395584388491367e+00 1.459864010873202389e+00 1.014384108682373276e+00 7.274164175825280632e-01 6.067649799721354098e-01 3.427476905252953565e-01 2.436071071740655847e-01 1.593835799595458569e-01 1.098421579171281609e-01 7.808076033785962822e-02 6.275427857518611763e-02 4.987484581172281495e-02 4.250398694631074559e-02 3.732970869296524385e-02 3.162948666602320019e-02 2.631308146926362654e-02 2.268159977199031910e-02 1.910821885612051796e-02 1.678486701284897381e-02 1.532288905781240863e-02 1.324560917403354472e-02 1.188407898730738273e-02 1.072882154829981997e-02 9.789442727582430698e-03 8.917786481888305763e-03 8.163529774995225211e-03 7.494823108894153527e-03 6.807763377149044295e-03 6.351116513026409949e-03 5.892077445022484913e-03 5.354595004281609977e-03 4.895950984728839744e-03 4.363591579039547211e-03 3.906085524209992801e-03 3.408673931496538842e-03 2.839590668805162636e-03 2.286443204684612557e-03 1.772681116523401948e-03
4.432297728366358314e+01 3.308154323467467606e+01 2.673098232387019024e+01 2.041949670618275903e+01 1.486966897727797488e+01 1.156741274779319539e+01 8.791087192891877677e+00 6.151266842507975952e+00 4.661478622897931245e+00 3.570639338678154751e+00 2.636405761035109485e+00 1.850467530471477051e+00 1.335309852465539793e+00 9.990976724707805179e-01 6.938039598646983386e-01 4.863948654934215354e-01 3.427476905252953565e-01 2.831059564166995002e-01 1.676914507099639684e-01 1.120490782529076773e-01 7.722893561807765705e-02 5.469671020174802362e-02 4.263078262738483060e-02 3.518741024363282455e-02 2.951589840832197914e-02 2.602155821373041897e-02 2.152931881472283301e-02 1.745966559578423366e-02 1.513902797128240454e-02 1.317120953262498027e-02 1.143575902518155323e-02 1.040787836467368076e-02 8.993545780276349100e-03 8.075775637795332487e-03 7.363751662779458897e-03 6.668622169861212687e-03 6.129396476995137462e-03 5.586363595543115262e-03 5.165710039068662808e-03 4.664412757998596774e-03 4.341211912346155423e-03 4.015093338535255345e-03 3.659878153907554325e-03 3.354500844504291861e-03 3.017172415739120903e-03 2.692008539682102901e-03 2.344221279011726982e-03 1.962087623846056790e-03 1.572022934608607262e-03 1.214032781639754963e-03
3.191198127894059766e+01 2.371578381925250056e+01 1.819244609709287630e+01 1.426172237316587754e+01 1.027820790611983703e+01 8.039143240489769582e+00 6.113564690442762739e+00 4.351324929998543034e+00 3.215988555652780079e+00 2.426132505402101902e+00 1.783977237449077879e+00 1.271252905894194152e+00 9.186755230156478103e-01 6.914466733500219675e-01 4.774262276904289171e-01 3.399101246809580479e-01 2.436071071740655847e-01 1.676914507099639684e-01 1.436261101815925756e-01 8.398507923420577004e-02 5.850064277367556659e-02 4.115122507286138320e-02 3.179546811474939783e-02 2.571553313557176090e-02 2.109373938217593003e-02 1.858526049212393116e-02 1.536589411204645171e-02 1.264184722530133087e-02 1.078694822205507331e-02 9.237031946411804542e-03 8.210975203268322878e-03 7.373995157656331942e-03 6.465682096164278303e-03 5.718804843268998975e-03 5.122811616020428796e-03 4.654068534474752571e-03 4.314866739574723178e-03 3.895277626994653620e-03 3.583185106857908822e-03 3.305387572934779389e-03 3.073069215976644009e-03 2.849139007418644357e-03 2.587304923598051243e-03 2.380897643705547507e-03 2.116525662423893259e-03 1.893068622725822218e-03 1.639290538655943262e-03 1.354848744575776545e-03 1.080567361572296568e-03 8.293084173053646979e-04
2.126931167583339999e+01 1.558793022262083383e+01 1.211884469337744541e+01 9.701210118464127063e+00 6.829074979052388805e+00 5.359492603497923113e+00 4.093622650356710579e+00 2.911916332888315306e+00 2.164619885765636020e+00 1.639258012021920674e+00 1.195896989579068759e+00 8.284282164502487777e-01 6.154696271028222698e-01 4.610708245919505344e-01 3.197132853629707228e-01 2.261828053782551085e-01 1.593835799595458569e-01 1.120490782529076773e-01 8.398507923420577004e-02 7.036098206857986648e-02 4.279738783652355105e-02 2.977217057606638961e-02 2.315377314877281947e-02 1.812835755568114118e-02 1.509716951449964657e-02 1.324563476358000050e-02 1.077819976203859588e-02 8.643337774966768777e-03 7.471423080965313920e-03 6.343914523849553989e-03 5.559264872916363717e-03 5.032989159201271823e-03 4.379476379672992033e-03 3.885808936809127812e-03 3.504895966130754884e-03 3.195309661393400461e-03 2.937065051197971632e-03 2.673677052694194232e-03 2.449360966351296978e-03 2.227722443089675316e-03 2.081995244777884273e-03 1.930386988971876695e-03 1.756666433907529959e-03 1.612006077526542940e-03 1.443548736702851077e-03 1.291107850964927752e-03 1.121796835660134398e-03 9.257066245911379143e-04 7.337299703056224384e-04 5.660218491619175337e-04
1.426508045959674753e+01 1.051894995489001872e+01 8.282734751819754493e+00 6.425290945560001354e+00 4.619253589051509401e+00 3.721148477078069838e+00 2.810090175659481382e+00 1.961490200461432298e+00 1.462033931704565193e+00 1.109078765856068571e+00 8.052037672951293246e-01 5.714043463833496928e-01 4.226989305430872146e-01 3.131311711828239641e-01 2.181218952031137581e-01 1.559550742000673507e-01 1.098421579171281609e-01 7.722893561807765705e-02 5.850064277367556659e-02 4.279738783652355105e-02 3.749509351064936324e-02 2.436600934965030968e-02 1.843037149990806034e-02 1.367443634662279632e-02 1.100261090958905806e-02 9.523487931243102347e-03 7.867053782358838024e-03 6.255391577089253891e-03 5.386789788149981377e-03 4.531836010102117084e-03 3.964366435831269929e-03 3.560096961211491485e-03 3.134279013072818667e-03 2.756716335809915666e-03 2.446770022849013067e-03 2.203962879743382158e-03 2.046405869171707536e-03 1.835509757000382876e-03 1.696497882942135790e-03 1.524342892197832252e-03 1.419323035605584999e-03 1.306360583635061837e-03 1.186942444126684072e-03 1.087418613895000524e-03 9.774163131518835961e-04 8.648363071676883236e-04 7.479366152360579978e-04 6.220644119091820823e-04 4.940908606019682502e-04 3.833445890882321142e-04
9.855839560290014845e+00 7.344228440695522941e+00 5.859753777229846250e+00 4.610411888766620336e+00 3.278372745855170134e+00 2.583118450526441290e+00 1.969843571501127988e+00 1.372942852417211146e+00 1.064105990703399618e+00 7.778084245704171007e-01 5.732409107660206837e-01 4.121701877544919346e-01 2.947012139094223881e-01 2.217837779047824587e-01 1.483962183545586566e-01 1.123429820151445324e-01 7.808076033785962822e-02 5.469671020174802362e-02 4.115122507286138320e-02 2.977217057606638961e-02 2.436600934965030968e-02 2.236132767450486197e-02 1.566605207705404346e-02 1.137398259087555284e-02 8.698271313115102030e-03 7.215336763756205994e-03 5.951129202808291309e-03 4.656609217741768982e-03 3.979991321007039957e-03 3.360160108350756809e-03 2.933337206038876335e-03 2.571964373877198666e-03 2.277807390842431084e-03 1.991320477662678490e-03 1.786634705377306747e-03 1.608639862555229097e-03 1.487137550964308386e-03 1.355098142591166848e-03 1.244993556884631085e-03 1.113924343108475736e-03 1.043306519138972183e-03 9.698626828209303778e-04 8.805566107147961208e-04 8.103553104374487670e-04 7.367002447072397864e-04 6.555851028278753163e-04 5.721939570275037150e-04 4.770229182280601166e-04 3.847858983171266955e-04 3.006711963699541736e-04
7.825532971376717661e+00 5.703436988575981914e+00 4.725863904852745101e+00 3.559022448900601265e+00 2.568060211096491852e+00 2.057937729239633917e+00 1.591160410106210898e+00 1.036008366534572955e+00 8.359247585264265590e-01 6.116836053416629948e-01 4.506718901394551891e-01 3.196221734594645869e-01 2.346460674749994146e-01 1.718725701239011139e-01 1.166041491946200881e-01 8.696015838884217641e-02 6.275427857518611763e-02 4.263078262738483060e-02 3.179546811474939783e-02 2.315377314877281947e-02 1.843037149990806034e-02 1.566605207705404346e-02 1.481067633209606597e-02 1.016137289612939996e-02 7.632099629791469671e-03 6.227702158128637679e-03 4.927624539098888166e-03 3.897471570084952344e-03 3.252471234499866408e-03 2.727327511476921890e-03 2.342765378702228556e-03 2.083119222723920933e-03 1.817083533599071765e-03 1.589828777571997620e-03 1.434000130958288863e-03 1.288648192238302410e-03 1.186216365322074811e-03 1.085589231657280249e-03 9.899132140152879476e-04 8.882357162195372597e-04 8.224118687489224066e-04 7.569559017177868296e-04 6.831262866347968896e-04 6.270585493543824043e-04 5.668778285187766166e-04 5.009145492989430098e-04 4.350137576567473900e-04 3.587921380551939345e-04 2.862039609430695936e-04 2.176026557792096975e-04
6.511881817913122816e+00 4.629769619324129337e+00 3.687056559518130161e+00 2.832674383415890951e+00 2.125621229595226147e+00 1.628014727651146742e+00 1.267138701425184699e+00 8.413322081332788027e-01 6.677998503554780640e-01 5.047968594031809753e-01 3.754072033210121839e-01 2.614919394428866228e-01 1.853777251634948497e-01 1.417532169939916542e-01 9.565077219502647610e-02 7.033226970924769117e-02 4.987484581172281495e-02 3.518741024363282455e-02 2.571553313557176090e-02 1.812835755568114118e-02 1.367443634662279632e-02 1.137398259087555284e-02 1.016137289612939996e-02 9.530903364496532207e-03 6.932957028542444458e-03 5.668822430584994319e-03 4.384484867318583397e-03 3.279351042901871953e-03 2.684620078655920294e-03 2.264950954252972163e-03 1.972128731044127219e-03 1.759228994618511734e-03 1.524952523709980972e-03 1.324884457681552077e-03 1.191144650717890479e-03 1.073672043925998597e-03 9.912097212993456127e-04 8.909750367533075506e-04 8.079805507229928432e-04 7.343492026542919196e-04 6.759931177720219023e-04 6.228771829112684675e-04 5.613723426852942899e-04 5.172910927675984172e-04 4.688958631684817207e-04 4.179104962992339300e-04 3.644373046134475919e-04 3.010117286957330490e-04 2.388560685623394993e-04 1.854423138621353825e-04
5.445119348410268678e+00 3.841438734165233626e+00 3.083727363542061450e+00 2.443306390189174504e+00 1.736745668986726887e+00 1.365803880265244574e+00 1.054999846942627606e+00 6.970895877150561359e-01 5.483099406796750896e-01 4.183926117366941200e-01 3.106985976999392940e-01 2.166276280157001799e-01 1.571631346940865759e-01 1.163842481312851868e-01 8.080331861573580854e-02 5.833806692195420140e-02 4.250398694631074559e-02 2.951589840832197914e-02 2.109373938217593003e-02 1.509716951449964657e-02 1.100261090958905806e-02 8.698271313115102030e-03 7.632099629791469671e-03 6.932957028542444458e-03 6.559068301843023162e-03 5.145116416869761726e-03 3.910442484189846288e-03 2.858162439546744951e-03 2.342937991564088881e-03 1.938890209109304062e-03 1.649502165126600067e-03 1.493466830333241768e-03 1.291618859349568955e-03 1.137137900330657120e-03 1.014064243606361930e-03 9.162707060998841364e-04 8.420171025647517479e-04 7.668001115575278541e-04 6.929337403882110955e-04 6.270899513365348846e-04 5.821509705230391331e-04 5.354437800236035725e-04 4.848535927878863650e-04 4.445967854244818650e-04 4.019816463114233651e-04 3.594593797670268148e-04 3.134002222223980093e-04 2.610290081034687668e-04 2.061561139135153760e-04 1.602587422566592492e-04
4.734349371087317238e+00 3.605823466437673375e+00 2.759209483972545396e+00 2.192307547378588239e+00 1.548031333748651983e+00 1.216097012147148382e+00 9.620656728676189040e-01 6.349191739511492738e-01 5.039178869553796458e-01 3.879205492427750257e-01 2.770648344003796004e-01 2.014645363174609738e-01 1.405825794355241576e-01 1.079947770259884199e-01 7.414665784140669902e-02 5.274884814982511855e-02 3.732970869296524385e-02 2.602155821373041897e-02 1.858526049212393116e-02 1.324563476358000050e-02 9.523487931243102347e-03 7.215336763756205994e-03 6.227702158128637679e-03 5.668822430584994319e-03 5.145116416869761726e-03 5.333978404797400964e-03 4.042248544646008003e-03 2.848790993736719564e-03 2.219938070279230645e-03 1.846313549374733890e-03 1.528530000059664896e-03 1.373088511043095384e-03 1.179604544226398218e-03 1.050031552229555368e-03 9.336246860809772723e-04 8.389676500199803660e-04 7.759017565209013270e-04 7.017544528003855824e-04 6.390231510667396947e-04 5.769692864202607572e-04 5.316574605888027159e-04 4.924693344234727915e-04 4.467118518886111661e-04 4.109922120968276206e-04 3.725334164785284010e-04 3.362905498429711692e-04 2.935102160600759451e-04 2.458391356594126606e-04 1.952242265709407197e-04 1.511311503223142618e-04
3.973678453902910856e+00 3.033875576800889373e+00 2.300276009871526472e+00 1.863928566614870164e+00 1.343469417749051598e+00 1.039138522834307299e+00 8.046298771905230351e-01 5.386409213353170466e-01 4.258649262329478047e-01 3.266617136406862465e-01 2.305328665515287423e-01 1.661291884274250508e-01 1.184244612056357948e-01 9.072094335722367953e-02 6.258281571975608804e-02 4.442433131928071044e-02 3.162948666602320019e-02 2.152931881472283301e-02 1.536589411204645171e-02 1.077819976203859588e-02 7.867053782358838024e-03 5.951129202808291309e-03 4.927624539098888166e-03 4.384484867318583397e-03 3.910442484189846288e-03 4.042248544646008003e-03 3.886809106338341962e-03 2.734109928292923191e-03 2.049947766475411232e-03 1.581096914793739608e-03 1.312087125878264602e-03 1.168465125757018122e-03 1.011798657555680213e-03 8.963322598722285638e-04 8.021972107191142941e-04 7.245908444369632793e-04 6.609184888745278045e-04 5.930732835787478913e-04 5.436781868805757060e-04 4.935040876748082467e-04 4.566531985792893580e-04 4.229222609856066618e-04 3.853503763691921210e-04 3.531636407652125704e-04 3.183300770292011835e-04 2.865659194045256210e-04 2.482872669019372137e-04 2.077318959733838986e-04 1.650986229212463745e-04 1.265528413569413284e-04
3.254549483183893699e+00 2.462879052999587870e+00 1.888872450435783668e+00 1.561517373567393729e+00 1.111776486055236157e+00 8.866490773437010198e-01 6.586205378911678121e-01 4.546758887950126393e-01 3.492612111126048857e-01 2.704572362622567061e-01 1.909388823299434101e-01 1.375302655045501088e-01 9.927716848315924769e-02 7.538279194338111389e-02 5.166047460484791271e-02 3.659387238144017063e-02 2.631308146926362654e-02 1.745966559578423366e-02 1.264184722530133087e-02 8.643337774966768777e-03 6.255391577089253891e-03 4.656609217741768982e-03 3.897471570084952344e-03 3.279351042901871953e-03 2.858162439546744951e-03 2.848790993736719564e-03 2.734109928292923191e-03 2.469698994727985084e-03 1.815504167494694666e-03 1.342259866477266399e-03 1.100839937924737600e-03 9.576450367216834438e-04 8.290080072468338857e-04 7.464937487656258738e-04 6.629683194785162322e-04 5.971869811912028153e-04 5.409972345037421465e-04 4.868726185374750467e-04 4.486408260886174206e-04 4.049781886101667212e-04 3.763483878296157350e-04 3.471299621185841870e-04 3.150125302507783835e-04 2.889238736566783180e-04 2.598789567551213712e-04 2.327898771688858767e-04 2.011558292506035765e-04 1.680065766816587829e-04 1.329182180967745713e-04 1.015626221976193011e-04
2.823608324296237981e+00 2.122633777071027517e+00 1.679040770143598760e+00 1.308732756787435170e+00 9.783980133326339867e-01 7.465220534504543037e-01 5.648831552336740502e-01 3.907262543422687084e-01 3.057317037542057747e-01 2.304645100508494193e-01 1.696644624725691386e-01 1.191290099679467029e-01 8.662953634917759660e-02 6.509347579990673593e-02 4.546163234579526924e-02 3.184851372433988165e-02 2.268159977199031910e-02 1.513902797128240454e-02 1.078694822205507331e-02 7.471423080965313920e-03 5.386789788149981377e-03 3.979991321007039957e-03 3.252471234499866408e-03 2.684620078655920294e-03 2.342937991564088881e-03 2.219938070279230645e-03 2.049947766475411232e-03 1.815504167494694666e-03 1.704402055698028048e-03 1.239313268886120967e-03 9.688561185043064470e-04 8.346968368141162702e-04 7.263329936438610909e-04 6.504541573327816397e-04 5.825471065610383047e-04 5.203557631619353538e-04 4.695975092434760386e-04 4.279732794881592364e-04 3.925894692980971736e-04 3.520896666891568799e-04 3.262649570645349286e-04 3.002186314904313350e-04 2.704237224914996201e-04 2.497178615679912614e-04 2.267637219839083651e-04 2.033243745278892861e-04 1.770448435072166378e-04 1.485174919339728606e-04 1.182771361199886864e-04 9.073754117180412844e-05
2.347695120877941743e+00 1.804348147090936161e+00 1.456142151037341126e+00 1.152670786442701267e+00 8.402169145057671873e-01 6.480980237704435654e-01 4.973251995618775956e-01 3.361857136436908200e-01 2.638442310681216041e-01 1.966469280550925680e-01 1.466340750062747611e-01 1.039827824421157426e-01 7.545841278750137215e-02 5.630623713311659617e-02 3.915635239102698700e-02 2.737305698860110353e-02 1.910821885612051796e-02 1.317120953262498027e-02 9.237031946411804542e-03 6.343914523849553989e-03 4.531836010102117084e-03 3.360160108350756809e-03 2.727327511476921890e-03 2.264950954252972163e-03 1.938890209109304062e-03 1.846313549374733890e-03 1.581096914793739608e-03 1.342259866477266399e-03 1.239313268886120967e-03 1.176422530114221718e-03 9.065836916592790893e-04 7.465155329585172750e-04 6.439906515063547167e-04 5.704355992078612766e-04 5.053914388570219032e-04 4.489463843921131180e-04 4.089882508578318978e-04 3.728597083266651873e-04 3.391541390173036219e-04 3.062554296351619886e-04 2.820455209205302094e-04 2.588584013950851869e-04 2.327046603782376079e-04 2.150995694221910753e-04 1.951316385812076057e-04 1.753984134705005441e-04 1.530864842370007080e-04 1.297165243126792813e-04 1.044636221318514532e-04 8.119970453261657925e-05
2.082799056192699005e+00 1.605325854528595109e+00 1.277842003821351380e+00 1.026678709664065492e+00 7.378578517944557325e-01 5.554624550717824905e-01 4.308430028757297414e-01 3.034168561927003682e-01 2.293443381709697471e-01 1.755403904368791623e-01 1.277401194809852925e-01 8.982799629863766344e-02 6.522044971723460483e-02 4.863331670961476560e-02 3.328760178127041641e-02 2.364252893385892715e-02 1.678486701284897381e-02 1.143575902518155323e-02 8.210975203268322878e-03 5.559264872916363717e-03 3.964366435831269929e-03 2.933337206038876335e-03 2.342765378702228556e-03 1.972128731044127219e-03 1.649502165126600067e-03 1.528530000059664896e-03 1.312087125878264602e-03 1.100839937924737600e-03 9.688561185043064470e-04 9.065836916592790893e-04 8.792183818979910654e-04 7.041434504273573697e-04 5.777266615757069550e-04 5.061841257171214095e-04 4.443341413564269485e-04 3.960682325427483121e-04 3.584053995902858358e-04 3.235655524100118272e-04 2.950666161093906887e-04 2.668780119806750937e-04 2.451922680789603770e-04 2.246432545494257108e-04 2.020305130113253034e-04 1.868724769781483395e-04 1.691901454357676207e-04 1.522948166130637935e-04 1.327037398861026279e-04 1.115452055240645539e-04 8.949913718797773894e-05 6.934332842351402797e-05
1.954243080019753664e+00 1.467946577679355435e+00 1.151982178343667229e+00 9.202189958968791661e-01 6.820823009201606446e-01 4.962971863267262584e-01 3.918007394017402056e-01 2.726234596451970749e-01 2.051024295474317138e-01 1.569160064668307097e-01 1.158557429347858714e-01 8.161459208896156003e-02 5.932281662227078395e-02 4.400486790816270782e-02 3.047590873493662145e-02 2.158087834962102436e-02 1.532288905781240863e-02 1.040787836467368076e-02 7.373995157656331942e-03 5.032989159201271823e-03 3.560096961211491485e-03 2.571964373877198666e-03 2.083119222723920933e-03 1.759228994618511734e-03 1.493466830333241768e-03 1.373088511043095384e-03 1.168465125757018122e-03 9.576450367216834438e-04 8.346968368141162702e-04 7.465155329585172750e-04 7.041434504273573697e-04 7.000625349391709695e-04 5.483297719846338394e-04 4.619740597076449481e-04 4.053665606612644797e-04 3.633415956105261126e-04 3.276699072772307707e-04 2.970404529656064181e-04 2.734430996954854867e-04 2.458900160934037555e-04 2.263109123878306991e-04 2.062103294612179839e-04 1.864035323208425678e-04 1.711914950185477536e-04 1.545013452896847874e-04 1.387069866807623180e-04 1.209339611985481392e-04 1.008085665699179763e-04 8.060582426550915087e-05 6.182445535086673655e-05
