4.032823496874328271e+02 7.839517721862374344e+01 5.072451398954418522e+01 3.488632213442812713e+01 2.026966118955800056e+01 1.335219314665952872e+01 1.127473782247407996e+01 8.426012213584643362e+00 5.654250732890639064e+00 3.628590313720702287e+00 3.172531060694149030e+00 1.880537364313471071e+00 1.325130097389896511e+00 9.195342653376947784e-01 6.819476770792172182e-01 4.918583012343475946e-01 3.517010310115748495e-01 3.204179484706040082e-01 2.437082419031431635e-01 2.270664667481146759e-01 2.078240500256670342e-01 1.562583060144911717e-01 1.459571329200595180e-01 1.088486910330999785e-01 9.930596732247416736e-02 9.002537149574758868e-02 8.269583872598618157e-02 7.087476982405509218e-02 6.088439203261601651e-02 5.550950927300626891e-02 4.911599450715803394e-02 4.729432960760661386e-02 4.125866676237963798e-02 4.023294005366127857e-02 3.753383530286617809e-02 3.557318089592765437e-02 3.314538667527460597e-02 3.141680431155910447e-02 3.081974595715802900e-02 2.896817045217236000e-02 2.734680607543845191e-02 2.651853465234027887e-02 2.438438336130468315e-02 2.266354225820484125e-02 2.146198052203875106e-02 1.910851689158305985e-02 1.672102762812217175e-02 1.479620208904456301e-02 1.247892612258113404e-02 9.883082399601009899e-03
7.839517721862374344e+01 1.931184795400730252e+02 3.771736526650364851e+01 2.275443018357914937e+01 1.716950893552323265e+01 1.160090687114907126e+01 8.856181491797769922e+00 4.721698086177974041e+00 3.417223717023181173e+00 3.152391135200188099e+00 2.489655226654891695e+00 1.430818721314946140e+00 8.748470807205419586e-01 5.779159374147772033e-01 4.831989871242676760e-01 3.307274958970251033e-01 2.891672957010739120e-01 2.413482578280889690e-01 2.043093595016683972e-01 1.801330067624792863e-01 1.646993520664501442e-01 1.251494710820537926e-01 1.112656272984805100e-01 9.875250066796723014e-02 7.640891206208193231e-02 7.615416618543752181e-02 6.408829863910256441e-02 5.771090430769058865e-02 4.920647428125866224e-02 4.736834720192609205e-02 4.066917756264188527e-02 3.937562347562601622e-02 3.776381215531127850e-02 3.463823245055525774e-02 3.230657293791085877e-02 3.037344759978118439e-02 2.949405671776038698e-02 2.825348784221657847e-02 2.591719988218067067e-02 2.464598774821996283e-02 2.303028435039834732e-02 2.140753298254735593e-02 2.008790197723155785e-02 1.841316235835032192e-02 1.750015688686092086e-02 1.589474280288167077e-02 1.446711586127018279e-02 1.290445782453928172e-02 1.090866481732261258e-02 8.484845543310583563e-03
5.072451398954418522e+01 3.771736526650364851e+01 9.355254765076711010e+01 1.609531877015983525e+01 1.069530944470355749e+01 7.784848070894913263e+00 6.749436437039961767e+00 4.080866842132213179e+00 3.247628039151239321e+00 2.246590076552281712e+00 1.667652093584402362e+00 1.033008834085944461e+00 7.051806978823585981e-01 4.655103620147303944e-01 3.157015343008827690e-01 2.066259127508894844e-01 1.682959811459532606e-01 1.684087271827518772e-01 1.544997363473715191e-01 1.318943318076037929e-01 1.218519661626773221e-01 9.362723649954307614e-02 7.607220680200484086e-02 6.575569689073010315e-02 5.212546605287349255e-02 4.992354211378435130e-02 4.355687264481798021e-02 3.550952283122982972e-02 2.959405324007613469e-02 2.958360811299255017e-02 2.543076969834240017e-02 2.419562323118728056e-02 2.119671167950012286e-02 2.019029782281897209e-02 1.990731368086920416e-02 1.907155083244063687e-02 1.818353697817217188e-02 1.713853156765309318e-02 1.623037019740657810e-02 1.501878992965133795e-02 1.428071245793741291e-02 1.340184981741416106e-02 1.230826397755902489e-02 1.143415282602322156e-02 1.055548365881357580e-02 9.401666592122878002e-03 8.370360672496501495e-03 7.393011858103110817e-03 6.264207631210155260e-03 4.862300704862003789e-03
3.488632213442812713e+01 2.275443018357914937e+01 1.609531877015983525e+01 4.445089308968450581e+01 7.479815019587374714e+00 5.437615599368234243e+00 4.094427425622156669e+00 2.661992152204870621e+00 2.733199185717183344e+00 1.327409820420989428e+00 1.154050342708415666e+00 8.309234164130988587e-01 4.704776606582549148e-01 2.916849924686117368e-01 2.420318373516006094e-01 1.898842795086959634e-01 1.591687793321739097e-01 1.381772675190768296e-01 1.083455879911316977e-01 9.436998834148850601e-02 7.912042547600266207e-02 6.743111366359698378e-02 4.895083445142294626e-02 4.674738062337955441e-02 3.879776054120354783e-02 3.958398666022130974e-02 3.583912848325378209e-02 2.949109785175370313e-02 2.600027680729184373e-02 2.518656255823822909e-02 2.072434915753008575e-02 1.882979079765782771e-02 1.830231286673339106e-02 1.711248510025147399e-02 1.624768645645175216e-02 1.503156227748169392e-02 1.368735431788617625e-02 1.286974973798043001e-02 1.246812177340269473e-02 1.169911753329226645e-02 1.105441375465121209e-02 1.043234062483103589e-02 9.675931770116975861e-03 8.939927191691850183e-03 8.209211940129974849e-03 7.497621268605792443e-03 6.662751369238486751e-03 5.592485276232693307e-03 4.606950934116599457e-03 3.509337827846729929e-03
2.026966118955800056e+01 1.716950893552323265e+01 1.069530944470355749e+01 7.479815019587374714e+00 2.192380978771923949e+01 4.036519324320119395e+00 3.176303613274867654e+00 1.952243783575113412e+00 1.626245124500562023e+00 1.150796785779557796e+00 8.069642698455276042e-01 5.151910957624213916e-01 3.354126276265904094e-01 1.993069694640271783e-01 1.605310274367445222e-01 1.175280823096701288e-01 9.013893568031147718e-02 7.342912814284650869e-02 6.529419797551093418e-02 6.327086781667068394e-02 6.010166963029583281e-02 5.201956226193868438e-02 3.979746506988720428e-02 3.822132879518966991e-02 3.026674687205125822e-02 2.904351946875767879e-02 2.636327550357868768e-02 2.235700270030529721e-02 1.824039241002028619e-02 1.725272454901028915e-02 1.419414511649603507e-02 1.348136835077423136e-02 1.205622071322057579e-02 1.133436762626689395e-02 1.087545095899375251e-02 1.002296073491971799e-02 9.387605186451352876e-03 8.783922450930754106e-03 8.050971478669441406e-03 7.492720434444519011e-03 7.180386735197420711e-03 6.699248676200553546e-03 6.295872499239482320e-03 5.873716715470392313e-03 5.397374132408005488e-03 4.802927003179169839e-03 4.170389428233483436e-03 3.600647702212088179e-03 2.987269497720713030e-03 2.324692100225233225e-03
1.335219314665952872e+01 1.160090687114907126e+01 7.784848070894913263e+00 5.437615599368234243e+00 4.036519324320119395e+00 1.118950474063411882e+01 2.455230082446393070e+00 1.366775786101468437e+00 1.116128874018055495e+00 8.419581347640066049e-01 6.195971268198317006e-01 3.860203943874058186e-01 2.387634854633314541e-01 1.756493317505484764e-01 1.279581175314637442e-01 9.636030470631472278e-02 6.612150855069483246e-02 6.162830829762674240e-02 5.103077042892458642e-02 4.496024084226833001e-02 3.943059268354315305e-02 3.191849344131381105e-02 2.733588720553133816e-02 2.454227428776891221e-02 2.093654401471668064e-02 1.724378424158379622e-02 1.639317945374422353e-02 1.432870079601088892e-02 1.288705020913174376e-02 1.179039140539721309e-02 1.098417071858243631e-02 9.611511430598247696e-03 8.801075993390418753e-03 7.816820503847238602e-03 7.760445865721482712e-03 7.241123417018701172e-03 6.831940728113131307e-03 6.473208472868551867e-03 6.120973203487960895e-03 5.583499942737019106e-03 5.295580078003718320e-03 4.883011478785516911e-03 4.554820009810755729e-03 4.176005956607491999e-03 3.798435458057016975e-03 3.385111962054490001e-03 2.934886241931433052e-03 2.524336960896175416e-03 2.135250288018874804e-03 1.661322425560084800e-03
1.127473782247407996e+01 8.856181491797769922e+00 6.749436437039961767e+00 4.094427425622156669e+00 3.176303613274867654e+00 2.455230082446393070e+00 5.840838775039702391e+00 1.045472065477887069e+00 8.264194179694249742e-01 5.614033462898843085e-01 4.424297843926898732e-01 2.979521776761591689e-01 1.825783309949736699e-01 1.237382823634755324e-01 9.325122125378484950e-02 6.163295774446134190e-02 5.267121938043085871e-02 4.596967414503362603e-02 3.440790395709681510e-02 3.425628587587435658e-02 2.959719439322332224e-02 2.479982938091388270e-02 1.978322799127284204e-02 1.962567003736663193e-02 1.630795314625725634e-02 1.635786704641972039e-02 1.264198184699045872e-02 9.866392939008521851e-03 8.423727747090194173e-03 8.244143335224878022e-03 7.194148382273239141e-03 7.131169033785624174e-03 6.143507158245545448e-03 5.645585470282795185e-03 5.515518300014011534e-03 5.012351207735485023e-03 4.762843295437216469e-03 4.437518682399839431e-03 4.196839154210539255e-03 3.833586691115175443e-03 3.669297780925825491e-03 3.414241047069646942e-03 3.171569554252405207e-03 2.949562798626308505e-03 2.627229362115505572e-03 2.354890241640951714e-03 2.071520103565263442e-03 1.773451797005108719e-03 1.505268925914791814e-03 1.206283183052505063e-03
8.426012213584643362e+00 4.721698086177974041e+00 4.080866842132213179e+00 2.661992152204870621e+00 1.952243783575113412e+00 1.366775786101468437e+00 1.045472065477887069e+00 2.569508431985434438e+00 5.724301747891727965e-01 3.747462494465000349e-01 2.813605362687492395e-01 1.793976183583311512e-01 1.208350059191620196e-01 7.767675116189140527e-02 6.447909182984806753e-02 4.630177456883085435e-02 3.366659245420740992e-02 2.832533218061563871e-02 2.589928512936997065e-02 2.368184064282075063e-02 2.157765332426648391e-02 1.630592579566740238e-02 1.322510654747155803e-02 1.228354454326675838e-02 1.049975243988384745e-02 1.032210909160491408e-02 8.962504849683064836e-03 7.392426239977124662e-03 6.467057687431469401e-03 5.574615777986111076e-03 5.103470099130346868e-03 4.764277359865907828e-03 3.924846320079731013e-03 3.620772450980323364e-03 3.542952685465309767e-03 3.346993114008423725e-03 3.145248991480634367e-03 2.941412958839648758e-03 2.759282189248724818e-03 2.580789216167734754e-03 2.497624538112657236e-03 2.335998145193193560e-03 2.146316949765639075e-03 1.954891552724093325e-03 1.810717649778267532e-03 1.635732634619598827e-03 1.480186856237445834e-03 1.305890176081607717e-03 1.131918629371037261e-03 8.763576945190020137e-04
5.654250732890639064e+00 3.417223717023181173e+00 3.247628039151239321e+00 2.733199185717183344e+00 1.626245124500562023e+00 1.116128874018055495e+00 8.264194179694249742e-01 5.724301747891727965e-01 1.297541142695968874e+00 3.343087964181693517e-01 2.024922268638465472e-01 1.560612243087007300e-01 1.040909205260669712e-01 7.272485196667560770e-02 5.086217976558825293e-02 3.607602598672651761e-02 2.628904023891160541e-02 2.388633682606299685e-02 2.070177766242590686e-02 1.680725550551861666e-02 1.649839925480712025e-02 1.300582825818647967e-02 8.862000086326735776e-03 8.535570689330316055e-03 7.835538638470593634e-03 8.227030466876885870e-03 6.917577475474830789e-03 5.895784844957986659e-03 5.204063494926021265e-03 4.762172981140499854e-03 4.096204448766347858e-03 3.743667398382730452e-03 3.444255524865639465e-03 3.291633662310171089e-03 3.260336458527967728e-03 3.024200949022199259e-03 2.812844473179870828e-03 2.637946307330531637e-03 2.466628724155381716e-03 2.337972191637007272e-03 2.184002281627362915e-03 2.017349485898321457e-03 1.864175895738670336e-03 1.733026423429504274e-03 1.589734108798483009e-03 1.434246977671989939e-03 1.269520561097712890e-03 1.076428267831064335e-03 8.960137693704966480e-04 6.753685244318977316e-04
3.628590313720702287e+00 3.152391135200188099e+00 2.246590076552281712e+00 1.327409820420989428e+00 1.150796785779557796e+00 8.419581347640066049e-01 5.614033462898843085e-01 3.747462494465000349e-01 3.343087964181693517e-01 6.038245336147604059e-01 1.451495494276445197e-01 9.607609648806808567e-02 6.403613726264943684e-02 4.985396769279435564e-02 3.256510885355584639e-02 2.530805896545809675e-02 1.869992114465065039e-02 1.805312920932362203e-02 1.416162196113421139e-02 1.347731353011062672e-02 1.226397767804038828e-02 9.617221453850140211e-03 7.874129619877358321e-03 7.612513107635326438e-03 6.309406238315160183e-03 5.603658454595922614e-03 4.823497087646417408e-03 4.282669553890154461e-03 3.878403285462647329e-03 3.217709992042299457e-03 2.864509751948585755e-03 2.673352047962321114e-03 2.389056833890165765e-03 2.171126402963181705e-03 2.081736422747940650e-03 1.919895201346881681e-03 1.795329139427560231e-03 1.705866033769397111e-03 1.563620265077473584e-03 1.485778024017996891e-03 1.392543115429231053e-03 1.287995729664537670e-03 1.193468081239340822e-03 1.088273264331781351e-03 9.870426070762274365e-04 8.640195631768788796e-04 7.529451629500353909e-04 6.562877181421251666e-04 5.444468111384934746e-04 4.166695961002484720e-04
3.172531060694149030e+00 2.489655226654891695e+00 1.667652093584402362e+00 1.154050342708415666e+00 8.069642698455276042e-01 6.195971268198317006e-01 4.424297843926898732e-01 2.813605362687492395e-01 2.024922268638465472e-01 1.451495494276445197e-01 3.033180192838615952e-01 6.924999052901510688e-02 5.274761533027669952e-02 3.566571641505252022e-02 2.327330836465859101e-02 1.838079948488237012e-02 1.415998940834461810e-02 1.306522404607967161e-02 1.125499152734621942e-02 1.062860994384807675e-02 9.799394144614909791e-03 7.876073463169815797e-03 6.365235619888641623e-03 5.591689592865479314e-03 4.522260873195569839e-03 4.184098550950613934e-03 3.416655915391495889e-03 2.780138146777464021e-03 2.519169589056746879e-03 2.363978780076844352e-03 2.092630650273219223e-03 1.972216254686899334e-03 1.808493114541666292e-03 1.675996953820448965e-03 1.558615455830825083e-03 1.455803786311141287e-03 1.400747217220030521e-03 1.320520076059638779e-03 1.236122716850238329e-03 1.165885659902348662e-03 1.095436189590606648e-03 1.026922513927110061e-03 9.504105233984875851e-04 8.764127443740659914e-04 8.089666210823636457e-04 7.315554781678714532e-04 6.541468185003947210e-04 5.643042650612760521e-04 4.654242342329703488e-04 3.555007075168447749e-04
1.880537364313471071e+00 1.430818721314946140e+00 1.033008834085944461e+00 8.309234164130988587e-01 5.151910957624213916e-01 3.860203943874058186e-01 2.979521776761591689e-01 1.793976183583311512e-01 1.560612243087007300e-01 9.607609648806808567e-02 6.924999052901510688e-02 1.334437511497148510e-01 3.352127801070485524e-02 2.400402750580358721e-02 1.692784691762799776e-02 1.274399136847957983e-02 9.314180105130688905e-03 8.427111528132759030e-03 6.674393975853936539e-03 6.615573074638479018e-03 6.354780415881838493e-03 5.378220549924405021e-03 4.060543204006542353e-03 3.572446503530157629e-03 3.021166256787573886e-03 2.718639587545518439e-03 2.241344713643590551e-03 1.961721841683938729e-03 1.671711425899203044e-03 1.508274750391361231e-03 1.360785707773436637e-03 1.276564920169719281e-03 1.143006322078949678e-03 1.023047400329802747e-03 1.020758547979709000e-03 9.282089389889712407e-04 8.586840318479829846e-04 8.139064919023445777e-04 7.887447347125085741e-04 7.549602339690993525e-04 7.148949104167655116e-04 6.647525830302070202e-04 6.186848471749962662e-04 5.641023127223275535e-04 5.243947622171320428e-04 4.689791803829195492e-04 4.172532520588799780e-04 3.548375461497852183e-04 2.971999783942200235e-04 2.355736146125041088e-04
1.325130097389896511e+00 8.748470807205419586e-01 7.051806978823585981e-01 4.704776606582549148e-01 3.354126276265904094e-01 2.387634854633314541e-01 1.825783309949736699e-01 1.208350059191620196e-01 1.040909205260669712e-01 6.403613726264943684e-02 5.274761533027669952e-02 3.352127801070485524e-02 6.883128127797293050e-02 1.753347964806614007e-02 1.218990716150941157e-02 8.921042842798135655e-03 6.772433804161724635e-03 5.965315747123010708e-03 5.030949161429668082e-03 4.299000591784238670e-03 4.322335122362692093e-03 3.384357298199411074e-03 2.955203600707688449e-03 2.585141357093243865e-03 2.152875119356820709e-03 1.943070424865699563e-03 1.647178055840978336e-03 1.477161908095905602e-03 1.305664493345542587e-03 1.182195477557226870e-03 1.011865900664456457e-03 9.385210078515691078e-04 8.683793728541379332e-04 7.847137288650967834e-04 7.587871851272705260e-04 7.144882268319670488e-04 6.808445368732528877e-04 6.439840424419023207e-04 5.988000971715637909e-04 5.732929601769766502e-04 5.299483990242707943e-04 5.030137812022238575e-04 4.642269061299577259e-04 4.317009076991244992e-04 3.901630384267783724e-04 3.480229040665529803e-04 3.057841484625425780e-04 2.658309634068298927e-04 2.234297684136222334e-04 1.776669007590835764e-04
9.195342653376947784e-01 5.779159374147772033e-01 4.655103620147303944e-01 2.916849924686117368e-01 1.993069694640271783e-01 1.756493317505484764e-01 1.237382823634755324e-01 7.767675116189140527e-02 7.272485196667560770e-02 4.985396769279435564e-02 3.566571641505252022e-02 2.400402750580358721e-02 1.753347964806614007e-02 3.288160197419110614e-02 9.941891332789059774e-03 7.239080838014522526e-03 5.574286282701688792e-03 5.321433374473797870e-03 4.211587023290999481e-03 3.515189173782361492e-03 3.354700571937084888e-03 2.899479695996711598e-03 2.300309452905551551e-03 2.040273698317981999e-03 1.677394220830101621e-03 1.433384289850787472e-03 1.236403431913237014e-03 1.093078154924993989e-03 9.647654687729565652e-04 8.432508095811330675e-04 7.551107686986419836e-04 6.895843305535334688e-04 6.105127674894096027e-04 5.790224481394370178e-04 5.385960240982282056e-04 5.084487848456845311e-04 4.752120453713859862e-04 4.487236494013316932e-04 4.202771866663744570e-04 4.000149314822169029e-04 3.761404544535539040e-04 3.513429720548318482e-04 3.259446739862317832e-04 3.076097190899029408e-04 2.835638191346955884e-04 2.541666512151754317e-04 2.232995010327070134e-04 1.894126700737050950e-04 1.560288611781094595e-04 1.223712762364380184e-04
6.819476770792172182e-01 4.831989871242676760e-01 3.157015343008827690e-01 2.420318373516006094e-01 1.605310274367445222e-01 1.279581175314637442e-01 9.325122125378484950e-02 6.447909182984806753e-02 5.086217976558825293e-02 3.256510885355584639e-02 2.327330836465859101e-02 1.692784691762799776e-02 1.218990716150941157e-02 9.941891332789059774e-03 1.701129000098133143e-02 6.229890400540354436e-03 4.901604627555980649e-03 4.221916255857090759e-03 3.563883425442462838e-03 2.917376608848559847e-03 2.520864855353954163e-03 2.138107284780832798e-03 1.795369151385565109e-03 1.639644067830873728e-03 1.404456305716321072e-03 1.259297394092844012e-03 1.000940151510473297e-03 8.612717687702096427e-04 7.811602884286299739e-04 7.172292305345914169e-04 6.164705744032580696e-04 5.615029728235853244e-04 5.164023018821632628e-04 4.629274531963002790e-04 4.318420375504459781e-04 4.038684529541222245e-04 3.762149286958878106e-04 3.515234178974683274e-04 3.310106421122903852e-04 3.165290503171208766e-04 2.995157549110343811e-04 2.830555435894754543e-04 2.607018694898096973e-04 2.397117529427261621e-04 2.219564561129966970e-04 1.995948346761902388e-04 1.750174620212653165e-04 1.511130107350381311e-04 1.262864120580384913e-04 9.895030668773664132e-05
4.918583012343475946e-01 3.307274958970251033e-01 2.066259127508894844e-01 1.898842795086959634e-01 1.175280823096701288e-01 9.636030470631472278e-02 6.163295774446134190e-02 4.630177456883085435e-02 3.607602598672651761e-02 2.530805896545809675e-02 1.838079948488237012e-02 1.274399136847957983e-02 8.921042842798135655e-03 7.239080838014522526e-03 6.229890400540354436e-03 1.024843084261977712e-02 4.446206929952800820e-03 3.823773045529473349e-03 3.206813992217292034e-03 2.559044272962903918e-03 2.170867632485748606e-03 1.719746940154744932e-03 1.456497032707472321e-03 1.310090707993000030e-03 1.141293284178181025e-03 9.945921256709446597e-04 8.116750572820834652e-04 7.161369706654056129e-04 6.382577703571851993e-04 5.539884188818875593e-04 4.797106918603459232e-04 4.226116658051251541e-04 3.715211646497993108e-04 3.435690910744409608e-04 3.273765586390582887e-04 3.005858458845917782e-04 2.860872885396791563e-04 2.664447144914882846e-04 2.522192951090583167e-04 2.353665678761620922e-04 2.188526883647098356e-04 2.080324777515972653e-04 1.924354691242929297e-04 1.764857274444372765e-04 1.627031217325502729e-04 1.434974631840389193e-04 1.268893732686720590e-04 1.095274692598552406e-04 9.192055693660542283e-05 7.088386176127544963e-05
3.517010310115748495e-01 2.891672957010739120e-01 1.682959811459532606e-01 1.591687793321739097e-01 9.013893568031147718e-02 6.612150855069483246e-02 5.267121938043085871e-02 3.366659245420740992e-02 2.628904023891160541e-02 1.869992114465065039e-02 1.415998940834461810e-02 9.314180105130688905e-03 6.772433804161724635e-03 5.574286282701688792e-03 4.901604627555980649e-03 4.446206929952800820e-03 6.403963592903665764e-03 3.632968065651118530e-03 2.769821586294846007e-03 2.245000054679656236e-03 1.900876370587720361e-03 1.484853660748687923e-03 1.164354063130266029e-03 1.065111735143268838e-03 9.012640929929343530e-04 8.228624199866465313e-04 6.570663891781263442e-04 5.588138451981090014e-04 4.863020735560045289e-04 4.295700139090999955e-04 3.993184747438884214e-04 3.541168153137741990e-04 3.063665383368264247e-04 2.755945777840478647e-04 2.606640028129330157e-04 2.400011449339843508e-04 2.249803099711750068e-04 2.071417939100122629e-04 1.951882743349071423e-04 1.838391017308000665e-04 1.713102852276043506e-04 1.608654081259533063e-04 1.471783304940288515e-04 1.367657822677234808e-04 1.251221662455583071e-04 1.125310124410490290e-04 1.016484300081894968e-04 8.608481514385155856e-05 7.243323676159409738e-05 5.771273830382233375e-05
3.204179484706040082e-01 2.413482578280889690e-01 1.684087271827518772e-01 1.381772675190768296e-01 7.342912814284650869e-02 6.162830829762674240e-02 4.596967414503362603e-02 2.832533218061563871e-02 2.388633682606299685e-02 1.805312920932362203e-02 1.306522404607967161e-02 8.427111528132759030e-03 5.965315747123010708e-03 5.321433374473797870e-03 4.221916255857090759e-03 3.823773045529473349e-03 3.632968065651118530e-03 4.762691968257181351e-03 2.918143911489797047e-03 2.308073003598377568e-03 1.871703158289976347e-03 1.473494496860866141e-03 1.158718144131403414e-03 1.012565981539680689e-03 8.389212434201302575e-04 7.491827091348012653e-04 5.766101258023765153e-04 5.071991026816807108e-04 4.345381161228699385e-04 4.065655573940075312e-04 3.626849819407339096e-04 3.234275413640041812e-04 2.822443301368427935e-04 2.563058946776951763e-04 2.410461749757070692e-04 2.181166773549789064e-04 2.025119828825263171e-04 1.879600978712816996e-04 1.807714795917668340e-04 1.680238238084976290e-04 1.552733220763506585e-04 1.480680467544120342e-04 1.363564990870589732e-04 1.249759145775923043e-04 1.152579998408210691e-04 1.030859551176753589e-04 9.318180318441772535e-05 7.848853967346012032e-05 6.530636235286231615e-05 5.107057316766736455e-05
2.437082419031431635e-01 2.043093595016683972e-01 1.544997363473715191e-01 1.083455879911316977e-01 6.529419797551093418e-02 5.103077042892458642e-02 3.440790395709681510e-02 2.589928512936997065e-02 2.070177766242590686e-02 1.416162196113421139e-02 1.125499152734621942e-02 6.674393975853936539e-03 5.030949161429668082e-03 4.211587023290999481e-03 3.563883425442462838e-03 3.206813992217292034e-03 2.769821586294846007e-03 2.918143911489797047e-03 3.610684153671577055e-03 2.370769494484611245e-03 1.885033089209848427e-03 1.420161081016268643e-03 1.095364283667424549e-03 8.875457566001155674e-04 7.560028477847275958e-04 6.706759257322386127e-04 5.524117280145174249e-04 4.493350543552102538e-04 3.844478313479248550e-04 3.421630897779668365e-04 3.127517480293946122e-04 2.821381190809485809e-04 2.490744408149562139e-04 2.199641804033978783e-04 2.084728983649106659e-04 1.926612751206525009e-04 1.807980799496157476e-04 1.663458873716287128e-04 1.580782625301737341e-04 1.472137406096186236e-04 1.348411851965040931e-04 1.279309854777562329e-04 1.175792436305495253e-04 1.076492921255514629e-04 9.947213325487151876e-05 9.031871581365189460e-05 8.094927186526483845e-05 6.882014870578512104e-05 5.775825366371547170e-05 4.443042157374115983e-05
2.270664667481146759e-01 1.801330067624792863e-01 1.318943318076037929e-01 9.436998834148850601e-02 6.327086781667068394e-02 4.496024084226833001e-02 3.425628587587435658e-02 2.368184064282075063e-02 1.680725550551861666e-02 1.347731353011062672e-02 1.062860994384807675e-02 6.615573074638479018e-03 4.299000591784238670e-03 3.515189173782361492e-03 2.917376608848559847e-03 2.559044272962903918e-03 2.245000054679656236e-03 2.308073003598377568e-03 2.370769494484611245e-03 2.711192063070437183e-03 1.929971680693742635e-03 1.425501408589815002e-03 1.104167128311936679e-03 8.476095930631891975e-04 7.031366576365239438e-04 6.049065057399026458e-04 4.964984363221275733e-04 4.136827097349391282e-04 3.572087999636441272e-04 3.215906780398538256e-04 2.892087370989563071e-04 2.580208134704207708e-04 2.294198497396121908e-04 2.021927506922619247e-04 1.898516705294174404e-04 1.760208176619553540e-04 1.669696974358309504e-04 1.527456852218169792e-04 1.433031034249831299e-04 1.344300113652434076e-04 1.243053290358143114e-04 1.168145168795113430e-04 1.079040625070095397e-04 9.938327493574080696e-05 9.262903372541857292e-05 8.323858759028208618e-05 7.412546951636166137e-05 6.325387941062617396e-05 5.241076839745657210e-05 4.055463201008284354e-05
2.078240500256670342e-01 1.646993520664501442e-01 1.218519661626773221e-01 7.912042547600266207e-02 6.010166963029583281e-02 3.943059268354315305e-02 2.959719439322332224e-02 2.157765332426648391e-02 1.649839925480712025e-02 1.226397767804038828e-02 9.799394144614909791e-03 6.354780415881838493e-03 4.322335122362692093e-03 3.354700571937084888e-03 2.520864855353954163e-03 2.170867632485748606e-03 1.900876370587720361e-03 1.871703158289976347e-03 1.885033089209848427e-03 1.929971680693742635e-03 2.178938775430462084e-03 1.490369594866523513e-03 1.107729041160143441e-03 8.368829358199305008e-04 6.741311218795178854e-04 5.838960889254894574e-04 4.759787994350366718e-04 4.045973706477897251e-04 3.514872966123490936e-04 3.100811911715868900e-04 2.734457129087840169e-04 2.461428283353511324e-04 2.143746321489606776e-04 1.943039668106335042e-04 1.858570137231735776e-04 1.732810826740631893e-04 1.624209660540046752e-04 1.498968870799896808e-04 1.407048787876930462e-04 1.324355180685512492e-04 1.226575296858228739e-04 1.153877238663495228e-04 1.064919979689279625e-04 9.742958139675725381e-05 8.980403986050729270e-05 8.048054562873905107e-05 7.114252252309009460e-05 6.048751819625667572e-05 5.021799986519119563e-05 3.861761980117398686e-05
1.562583060144911717e-01 1.251494710820537926e-01 9.362723649954307614e-02 6.743111366359698378e-02 5.201956226193868438e-02 3.191849344131381105e-02 2.479982938091388270e-02 1.630592579566740238e-02 1.300582825818647967e-02 9.617221453850140211e-03 7.876073463169815797e-03 5.378220549924405021e-03 3.384357298199411074e-03 2.899479695996711598e-03 2.138107284780832798e-03 1.719746940154744932e-03 1.484853660748687923e-03 1.473494496860866141e-03 1.420161081016268643e-03 1.425501408589815002e-03 1.490369594866523513e-03 1.529615790103664580e-03 1.116541426924744446e-03 8.002669224967389350e-04 6.154793417871982008e-04 5.135873367619629617e-04 4.234145059978129807e-04 3.528937335147471627e-04 3.081664705588420716e-04 2.722397071646524315e-04 2.378416005489305467e-04 2.092374589446184768e-04 1.837698387474671457e-04 1.665676767114252106e-04 1.579895494972788231e-04 1.462856393370973553e-04 1.357485328557749547e-04 1.256849152142678813e-04 1.181085271828126101e-04 1.121986046053775080e-04 1.039277408390130975e-04 9.846448104804612141e-05 9.127326139966222916e-05 8.422942167364604266e-05 7.741705212191548821e-05 6.992358993499843596e-05 6.184887134041691453e-05 5.285587973548813300e-05 4.381205822295056288e-05 3.415625707766176003e-05
1.459571329200595180e-01 1.112656272984805100e-01 7.607220680200484086e-02 4.895083445142294626e-02 3.979746506988720428e-02 2.733588720553133816e-02 1.978322799127284204e-02 1.322510654747155803e-02 8.862000086326735776e-03 7.874129619877358321e-03 6.365235619888641623e-03 4.060543204006542353e-03 2.955203600707688449e-03 2.300309452905551551e-03 1.795369151385565109e-03 1.456497032707472321e-03 1.164354063130266029e-03 1.158718144131403414e-03 1.095364283667424549e-03 1.104167128311936679e-03 1.107729041160143441e-03 1.116541426924744446e-03 1.173578459015859167e-03 8.321501253948468835e-04 6.168726221196646747e-04 4.960344650651298676e-04 3.945331802457462513e-04 3.173193385651430862e-04 2.770721152127405044e-04 2.493590565073834035e-04 2.149038636932731363e-04 1.925368827549066764e-04 1.681823969083705197e-04 1.539754497631579664e-04 1.415696893883701467e-04 1.311530716825254578e-04 1.214062663551846626e-04 1.124532329444409605e-04 1.049909022250715179e-04 9.881047453096993580e-05 9.125304388688371246e-05 8.609568104552990241e-05 7.991146357784126297e-05 7.363239647541474373e-05 6.697155061637110772e-05 5.969720687039185744e-05 5.247322164215798658e-05 4.488116474999188042e-05 3.704488275728289379e-05 2.873634250358185252e-05
1.088486910330999785e-01 9.875250066796723014e-02 6.575569689073010315e-02 4.674738062337955441e-02 3.822132879518966991e-02 2.454227428776891221e-02 1.962567003736663193e-02 1.228354454326675838e-02 8.535570689330316055e-03 7.612513107635326438e-03 5.591689592865479314e-03 3.572446503530157629e-03 2.585141357093243865e-03 2.040273698317981999e-03 1.639644067830873728e-03 1.310090707993000030e-03 1.065111735143268838e-03 1.012565981539680689e-03 8.875457566001155674e-04 8.476095930631891975e-04 8.368829358199305008e-04 8.002669224967389350e-04 8.321501253948468835e-04 8.592452741066364946e-04 6.088194951743383003e-04 4.677367786985111176e-04 3.587263059617670107e-04 2.893107009974572180e-04 2.512667318744969767e-04 2.270309609222948325e-04 1.952543876739856710e-04 1.760009203241346320e-04 1.527709112414726486e-04 1.431401789970318929e-04 1.309964765347556973e-04 1.198310860759682644e-04 1.093672475783045490e-04 1.019301117514098649e-04 9.566145972347569559e-05 8.944452489564748800e-05 8.295066342665223427e-05 7.868634822921393628e-05 7.316968493775686546e-05 6.717700926397548902e-05 6.054596474907524120e-05 5.364161417424636273e-05 4.703668214944860997e-05 4.010133763989672830e-05 3.330837311834681380e-05 2.561610160826865699e-05
9.930596732247416736e-02 7.640891206208193231e-02 5.212546605287349255e-02 3.879776054120354783e-02 3.026674687205125822e-02 2.093654401471668064e-02 1.630795314625725634e-02 1.049975243988384745e-02 7.835538638470593634e-03 6.309406238315160183e-03 4.522260873195569839e-03 3.021166256787573886e-03 2.152875119356820709e-03 1.677394220830101621e-03 1.404456305716321072e-03 1.141293284178181025e-03 9.012640929929343530e-04 8.389212434201302575e-04 7.560028477847275958e-04 7.031366576365239438e-04 6.741311218795178854e-04 6.154793417871982008e-04 6.168726221196646747e-04 6.088194951743383003e-04 6.024911932574025146e-04 4.494016937394153493e-04 3.325211957801929574e-04 2.590885124643110414e-04 2.229172612563895897e-04 1.962092977965514205e-04 1.683178945852755349e-04 1.511714310122050863e-04 1.330216354844328567e-04 1.231644964070602484e-04 1.120896332671270275e-04 1.038891349476836641e-04 9.699706419000074704e-05 9.008117301077346649e-05 8.468788765705095563e-05 7.877671307759823638e-05 7.336994865471188208e-05 6.907617930276337907e-05 6.423919712170697083e-05 5.953715061876964295e-05 5.377722771571908749e-05 4.776973850992590446e-05 4.188741464959290771e-05 3.539244545511562040e-05 2.919403093468974158e-05 2.195119364049541666e-05
9.002537149574758868e-02 7.615416618543752181e-02 4.992354211378435130e-02 3.958398666022130974e-02 2.904351946875767879e-02 1.724378424158379622e-02 1.635786704641972039e-02 1.032210909160491408e-02 8.227030466876885870e-03 5.603658454595922614e-03 4.184098550950613934e-03 2.718639587545518439e-03 1.943070424865699563e-03 1.433384289850787472e-03 1.259297394092844012e-03 9.945921256709446597e-04 8.228624199866465313e-04 7.491827091348012653e-04 6.706759257322386127e-04 6.049065057399026458e-04 5.838960889254894574e-04 5.135873367619629617e-04 4.960344650651298676e-04 4.677367786985111176e-04 4.494016937394153493e-04 4.628397121961713863e-04 3.354841309384612338e-04 2.498498057380106130e-04 2.074812081917080692e-04 1.821502819426499544e-04 1.561507301012474451e-04 1.382098789696443878e-04 1.221837687264880291e-04 1.133277947590027033e-04 1.042902108736226197e-04 9.704920611013602362e-05 9.030412949356671594e-05 8.328033913972369832e-05 7.811397030837107479e-05 7.257399519086843215e-05 6.705002344387649583e-05 6.264299908147167467e-05 5.787884435298435104e-05 5.377018899234294974e-05 4.877304532178065942e-05 4.355934466569806905e-05 3.797872032771322292e-05 3.215863807180410576e-05 2.667986169706791384e-05 2.030877412700958853e-05
8.269583872598618157e-02 6.408829863910256441e-02 4.355687264481798021e-02 3.583912848325378209e-02 2.636327550357868768e-02 1.639317945374422353e-02 1.264198184699045872e-02 8.962504849683064836e-03 6.917577475474830789e-03 4.823497087646417408e-03 3.416655915391495889e-03 2.241344713643590551e-03 1.647178055840978336e-03 1.236403431913237014e-03 1.000940151510473297e-03 8.116750572820834652e-04 6.570663891781263442e-04 5.766101258023765153e-04 5.524117280145174249e-04 4.964984363221275733e-04 4.759787994350366718e-04 4.234145059978129807e-04 3.945331802457462513e-04 3.587263059617670107e-04 3.325211957801929574e-04 3.354841309384612338e-04 3.231237737065283458e-04 2.424878803761048056e-04 1.897048398976527680e-04 1.638362790760720879e-04 1.410209918679213481e-04 1.237132201630894597e-04 1.095413818666431246e-04 1.010598197453654423e-04 9.387562988908206040e-05 8.726881231989799793e-05 8.126657078807371132e-05 7.420230122540589807e-05 6.937295070036485353e-05 6.463552963654640581e-05 5.978803493909522069e-05 5.591386758203848963e-05 5.145527346643538364e-05 4.757497731698117043e-05 4.332244034756497391e-05 3.858146986207948301e-05 3.351469733218008891e-05 2.826789889386395764e-05 2.317928770062169423e-05 1.757937990726989757e-05
7.087476982405509218e-02 5.771090430769058865e-02 3.550952283122982972e-02 2.949109785175370313e-02 2.235700270030529721e-02 1.432870079601088892e-02 9.866392939008521851e-03 7.392426239977124662e-03 5.895784844957986659e-03 4.282669553890154461e-03 2.780138146777464021e-03 1.961721841683938729e-03 1.477161908095905602e-03 1.093078154924993989e-03 8.612717687702096427e-04 7.161369706654056129e-04 5.588138451981090014e-04 5.071991026816807108e-04 4.493350543552102538e-04 4.136827097349391282e-04 4.045973706477897251e-04 3.528937335147471627e-04 3.173193385651430862e-04 2.893107009974572180e-04 2.590885124643110414e-04 2.498498057380106130e-04 2.424878803761048056e-04 2.371685296500368044e-04 1.809246833853669358e-04 1.477771800322697502e-04 1.240697116953125539e-04 1.079246445574751615e-04 9.514037911101288743e-05 8.739576152454143695e-05 8.191875682201572623e-05 7.558376145929471799e-05 7.001432983430914102e-05 6.415155447283597497e-05 5.995528402332103420e-05 5.530351846502134475e-05 5.117344832258177619e-05 4.806366968757361507e-05 4.442758879292165873e-05 4.103108126330546587e-05 3.755898837465116108e-05 3.325827278982067243e-05 2.878800020331571662e-05 2.424447563409145589e-05 1.974302570525349163e-05 1.502233476247247057e-05
6.088439203261601651e-02 4.920647428125866224e-02 2.959405324007613469e-02 2.600027680729184373e-02 1.824039241002028619e-02 1.288705020913174376e-02 8.423727747090194173e-03 6.467057687431469401e-03 5.204063494926021265e-03 3.878403285462647329e-03 2.519169589056746879e-03 1.671711425899203044e-03 1.305664493345542587e-03 9.647654687729565652e-04 7.811602884286299739e-04 6.382577703571851993e-04 4.863020735560045289e-04 4.345381161228699385e-04 3.844478313479248550e-04 3.572087999636441272e-04 3.514872966123490936e-04 3.081664705588420716e-04 2.770721152127405044e-04 2.512667318744969767e-04 2.229172612563895897e-04 2.074812081917080692e-04 1.897048398976527680e-04 1.809246833853669358e-04 1.777197874719284960e-04 1.433452610886036354e-04 1.142232968737838642e-04 9.882882619370174674e-05 8.710458319823185212e-05 7.979754861670362918e-05 7.419830347032148712e-05 6.838904230272218265e-05 6.320439355648857277e-05 5.854010560853328311e-05 5.499205639142412780e-05 5.075906162795233413e-05 4.706135420070194683e-05 4.412048590181032854e-05 4.085611232159893800e-05 3.767337432397060672e-05 3.444625118723042100e-05 3.070558155135229972e-05 2.662243495642787998e-05 2.248718732917459606e-05 1.828010847982258891e-05 1.385755987090873126e-05
5.550950927300626891e-02 4.736834720192609205e-02 2.958360811299255017e-02 2.518656255823822909e-02 1.725272454901028915e-02 1.179039140539721309e-02 8.244143335224878022e-03 5.574615777986111076e-03 4.762172981140499854e-03 3.217709992042299457e-03 2.363978780076844352e-03 1.508274750391361231e-03 1.182195477557226870e-03 8.432508095811330675e-04 7.172292305345914169e-04 5.539884188818875593e-04 4.295700139090999955e-04 4.065655573940075312e-04 3.421630897779668365e-04 3.215906780398538256e-04 3.100811911715868900e-04 2.722397071646524315e-04 2.493590565073834035e-04 2.270309609222948325e-04 1.962092977965514205e-04 1.821502819426499544e-04 1.638362790760720879e-04 1.477771800322697502e-04 1.433452610886036354e-04 1.423859235762826175e-04 1.121316990463699985e-04 9.334682902730581276e-05 8.229391284002888715e-05 7.554557371963088091e-05 6.984897061881600595e-05 6.433680125892393133e-05 5.921058175447401818e-05 5.484831427611449196e-05 5.163634414269429343e-05 4.779492733927479079e-05 4.430867680251034682e-05 4.144728753583972706e-05 3.851494960636651970e-05 3.543101169663420762e-05 3.242062387149837805e-05 2.887582539707682532e-05 2.497397624901951714e-05 2.100070446177962303e-05 1.696890375065801385e-05 1.276325277421010848e-05
4.911599450715803394e-02 4.066917756264188527e-02 2.543076969834240017e-02 2.072434915753008575e-02 1.419414511649603507e-02 1.098417071858243631e-02 7.194148382273239141e-03 5.103470099130346868e-03 4.096204448766347858e-03 2.864509751948585755e-03 2.092630650273219223e-03 1.360785707773436637e-03 1.011865900664456457e-03 7.551107686986419836e-04 6.164705744032580696e-04 4.797106918603459232e-04 3.993184747438884214e-04 3.626849819407339096e-04 3.127517480293946122e-04 2.892087370989563071e-04 2.734457129087840169e-04 2.378416005489305467e-04 2.149038636932731363e-04 1.952543876739856710e-04 1.683178945852755349e-04 1.561507301012474451e-04 1.410209918679213481e-04 1.240697116953125539e-04 1.142232968737838642e-04 1.121316990463699985e-04 1.067141745718778767e-04 8.721001434031525816e-05 7.325747333795965498e-05 6.768996940190896055e-05 6.199951157087648106e-05 5.644209155137386248e-05 5.211086027923401981e-05 4.834999720077829918e-05 4.531877456797048150e-05 4.223716008545896330e-05 3.935750241885875735e-05 3.672934659186325546e-05 3.421283053405729633e-05 3.159425686356920863e-05 2.893853242470526577e-05 2.584978849511511317e-05 2.248541878682995090e-05 1.890763766093489552e-05 1.539980974844261085e-05 1.161950820868982068e-05
4.729432960760661386e-02 3.937562347562601622e-02 2.419562323118728056e-02 1.882979079765782771e-02 1.348136835077423136e-02 9.611511430598247696e-03 7.131169033785624174e-03 4.764277359865907828e-03 3.743667398382730452e-03 2.673352047962321114e-03 1.972216254686899334e-03 1.276564920169719281e-03 9.385210078515691078e-04 6.895843305535334688e-04 5.615029728235853244e-04 4.226116658051251541e-04 3.541168153137741990e-04 3.234275413640041812e-04 2.821381190809485809e-04 2.580208134704207708e-04 2.461428283353511324e-04 2.092374589446184768e-04 1.925368827549066764e-04 1.760009203241346320e-04 1.511714310122050863e-04 1.382098789696443878e-04 1.237132201630894597e-04 1.079246445574751615e-04 9.882882619370174674e-05 9.334682902730581276e-05 8.721001434031525816e-05 8.526049386336092574e-05 7.036586588639818097e-05 6.254773751431519911e-05 5.708693431274291109e-05 5.180801259143024762e-05 4.825391149770772255e-05 4.465127131940565972e-05 4.203770142350433237e-05 3.902332462813434659e-05 3.623162571829417370e-05 3.381874461171146916e-05 3.160882769657968411e-05 2.897145039332835008e-05 2.647593917236541961e-05 2.364813181792966727e-05 2.064064427214033290e-05 1.745016998488304263e-05 1.428109790743490534e-05 1.086400372927591585e-05
