4.486953904948097770e+05 2.524883008771342575e+05 2.020699357350235514e+05 1.552314355569763284e+05 1.200255974475678959e+05 9.596556011227845738e+04 7.389660598891263362e+04 5.660063479917933728e+04 4.379345246760403825e+04 3.341999310593758855e+04 2.390261346202568166e+04 1.884019176375290044e+04 1.386270132558502155e+04 1.031450562916422496e+04 7.555982618281131181e+03 5.396466035399125758e+03 3.818785793551003735e+03 2.814785778698941613e+03 1.935520171893080260e+03 1.325611522767137558e+03 8.841477085880397908e+02 5.840354485917196143e+02 3.663846757867855217e+02 2.386228973780485205e+02 1.643680420710277872e+02 1.170581567886216021e+02 9.311521816904314619e+01 7.732868884595058034e+01 6.679924063889011165e+01 5.476004546158491593e+01 4.723105882444345838e+01 4.081855852099572246e+01 3.450144143753893644e+01 3.001745926876929715e+01 2.663566429097012644e+01 2.288504345375793392e+01 1.971954047545890276e+01 1.736735149291653357e+01 1.596030327327112275e+01 1.407280763456319050e+01 1.278546239645447713e+01 1.165768186527298944e+01 1.084484945818856261e+01 9.689934436164131526e+00 8.770013447782705640e+00 7.753022575136924388e+00 6.772436146208443475e+00 5.626518225665065209e+00 4.440019734531757578e+00 3.356281541400781609e+00
2.524883008771342575e+05 2.704896489625159884e+05 1.611746285946411372e+05 1.293606904830554558e+05 9.607963867485850642e+04 8.038624247745101457e+04 5.976766615398841532e+04 4.681268080759441364e+04 3.537932977659252356e+04 2.685551721225111396e+04 1.959080496224747549e+04 1.536975660944798619e+04 1.137706225829263349e+04 8.473665807034531099e+03 6.195572705549065176e+03 4.354336882599903220e+03 3.087164691077136013e+03 2.260035762415299814e+03 1.563740245101336541e+03 1.077457011991149102e+03 7.178551421856061552e+02 4.630650589825823999e+02 2.932393272194814813e+02 1.862029257797570381e+02 1.286253790626171281e+02 9.364413801250640290e+01 7.648468419262765394e+01 6.326257868240470117e+01 5.608480988236475184e+01 4.559508839590490226e+01 3.987607652190047247e+01 3.449593834840115392e+01 2.851813848772074067e+01 2.574531732247356786e+01 2.210253636683994571e+01 1.901338873639990723e+01 1.658180233195272280e+01 1.455848680783037175e+01 1.299506319977007074e+01 1.161500150140331833e+01 1.048252963741999544e+01 9.633018786457693494e+00 8.862545280070628806e+00 7.982453512660671713e+00 7.167351722290964844e+00 6.300335309403010342e+00 5.495318066756578190e+00 4.591149455218533681e+00 3.651810277374152314e+00 2.757143485650710435e+00
2.020699357350235514e+05 1.611746285946411372e+05 1.693558521678700345e+05 1.045095712443376688e+05 7.923958512302789313e+04 6.345007569790937123e+04 4.789466721789701842e+04 3.730695078771243425e+04 2.819163238511892996e+04 2.173551361063719014e+04 1.614599267155597954e+04 1.217340688856497582e+04 9.148640388767233162e+03 6.768615873432203443e+03 4.987067359186326030e+03 3.549342301711169057e+03 2.534804234385571363e+03 1.858696217031818378e+03 1.278421226458965521e+03 8.584161086275414618e+02 5.819265726488127939e+02 3.755966445661236435e+02 2.386442503694384243e+02 1.562012354925677471e+02 1.051619900630329454e+02 7.607028654896419084e+01 6.105002084824081265e+01 5.155638328297136042e+01 4.497765899172943449e+01 3.666140744733402101e+01 3.155656801670653167e+01 2.756653861987762255e+01 2.353653332933919629e+01 2.097511681523006288e+01 1.814732627075932569e+01 1.539327397336428938e+01 1.317408040197487828e+01 1.159839415211662228e+01 1.055560270319535299e+01 9.297787306916083239e+00 8.495843451339128549e+00 7.731603433753345911e+00 7.127063330697650301e+00 6.349790202622950019e+00 5.822841796519857560e+00 5.174540214996605769e+00 4.521524372152808446e+00 3.760207946049700212e+00 2.953931250631995020e+00 2.216260742844477161e+00
1.552314355569763284e+05 1.293606904830554558e+05 1.045095712443376688e+05 1.018757284802916547e+05 6.294321739557779074e+04 5.068873448710535740e+04 3.869662179750438372e+04 2.969420373866752198e+04 2.231882606001257227e+04 1.736048234086253797e+04 1.279603783895971355e+04 9.802851625455345129e+03 7.285761934385185668e+03 5.402792081430618055e+03 3.949716484361308630e+03 2.789207422007231798e+03 1.974565907176538076e+03 1.449376384918489975e+03 1.002428297704291936e+03 6.812861775248812819e+02 4.555638644560206671e+02 2.971526841306396136e+02 1.868469512591128137e+02 1.231741778573174741e+02 8.456120298521128120e+01 6.032566316218341740e+01 4.802447952190993874e+01 4.028627144801856730e+01 3.531333971548430384e+01 2.886449605827776921e+01 2.533430749773762614e+01 2.217458716962664766e+01 1.843424647378871484e+01 1.641340534816610131e+01 1.430449830411364509e+01 1.217897681440549640e+01 1.057960839285359356e+01 9.215406463053529507e+00 8.230868976244181567e+00 7.339157501298206654e+00 6.694058918546283543e+00 6.110446505517201032e+00 5.624905011989287829e+00 5.008983700893830715e+00 4.549414523613456218e+00 4.052401357516365543e+00 3.540908633450893905e+00 2.941643432458407315e+00 2.322065599213634091e+00 1.757181708221005501e+00
1.200255974475678959e+05 9.607963867485850642e+04 7.923958512302789313e+04 6.294321739557779074e+04 5.821594261059223936e+04 3.767437672134349850e+04 2.901905415107342924e+04 2.265512022199671628e+04 1.681808666882506077e+04 1.305344211221773730e+04 9.739618752604661495e+03 7.419243134597906646e+03 5.497428805782084055e+03 4.042747358928915219e+03 2.984593606804486171e+03 2.117596733506966757e+03 1.504590175010619532e+03 1.097087378826284521e+03 7.555153605526119236e+02 5.119745900712056255e+02 3.445250471633195843e+02 2.241500572939702067e+02 1.412485501175275431e+02 9.275480189531012343e+01 6.289323556529895143e+01 4.472361198751502087e+01 3.652107538223460637e+01 3.103236902294258925e+01 2.647838898077251812e+01 2.146286692636105542e+01 1.837684620777839939e+01 1.622455265916744338e+01 1.384818097814972759e+01 1.243283550170089846e+01 1.064493001049300247e+01 9.175614257840281951e+00 7.968607502918072072e+00 6.788828691635307777e+00 6.215824585717594886e+00 5.509218136655874787e+00 5.016661882366562963e+00 4.516392314470849989e+00 4.156617549718818694e+00 3.742815419273594735e+00 3.380551700103360258e+00 3.024026684248134256e+00 2.650547008984070807e+00 2.218322187526812428e+00 1.754784907363739821e+00 1.335224895679337331e+00
9.596556011227845738e+04 8.038624247745101457e+04 6.345007569790937123e+04 5.068873448710535740e+04 3.767437672134349850e+04 3.648106684941158892e+04 2.367781672292978692e+04 1.822467746091110530e+04 1.375750858966957276e+04 1.064038697749433413e+04 7.863765014699336461e+03 6.039902660019427458e+03 4.452627292380169820e+03 3.323969343371154537e+03 2.454781921631160458e+03 1.718642637888021454e+03 1.219455924425024932e+03 8.888311582560641000e+02 6.102564814202976322e+02 4.132918733175542343e+02 2.754240120747375613e+02 1.815601221976587851e+02 1.153661125373567842e+02 7.533670548220693775e+01 5.164890771619000986e+01 3.635766163047910737e+01 2.919913825510206706e+01 2.473345784907209222e+01 2.178746577262798567e+01 1.780278490348869269e+01 1.565617524861286292e+01 1.364009168261513061e+01 1.126120332194854967e+01 9.831502175682899747e+00 8.633024259358426988e+00 7.455008494216126991e+00 6.488126077553763693e+00 5.637497392970693078e+00 5.086909221030702533e+00 4.530465643448502888e+00 4.119720907745326954e+00 3.766395622319656855e+00 3.477495282603124682e+00 3.102528912624576751e+00 2.801988797954423127e+00 2.480419620838142158e+00 2.176651879980069371e+00 1.817000134532298361e+00 1.431350749948688827e+00 1.089077739416876023e+00
7.389660598891263362e+04 5.976766615398841532e+04 4.789466721789701842e+04 3.869662179750438372e+04 2.901905415107342924e+04 2.367781672292978692e+04 2.077381411368216504e+04 1.390570288554273975e+04 1.054780493594897052e+04 8.106069669412695475e+03 5.959717192518958655e+03 4.581203730437823651e+03 3.355285376534154238e+03 2.514194255712528047e+03 1.851803959759863574e+03 1.306247257205034884e+03 9.261293147263450010e+02 6.733252533607354735e+02 4.618309678290097509e+02 3.136587103024711496e+02 2.119517432438125013e+02 1.406804893477210214e+02 8.839988728117599237e+01 5.740355480365864338e+01 3.965471865356758485e+01 2.833737869395947229e+01 2.280093494263078213e+01 1.899407619067386932e+01 1.653807798295824583e+01 1.336688171105445022e+01 1.165193815144558442e+01 1.004415082085363231e+01 8.487430464378160622e+00 7.528832562604575784e+00 6.543846720675958295e+00 5.631105385485312809e+00 4.875923639309404756e+00 4.199862954406482274e+00 3.812317317226275204e+00 3.399851741620019574e+00 3.056015701325725864e+00 2.781838601851200465e+00 2.549164052321993168e+00 2.276533780727741707e+00 2.053698298992345350e+00 1.821194289379063136e+00 1.591824536541034618e+00 1.321046761276930104e+00 1.020257455842108918e+00 7.621648019597919710e-01
5.660063479917933728e+04 4.681268080759441364e+04 3.730695078771243425e+04 2.969420373866752198e+04 2.265512022199671628e+04 1.822467746091110530e+04 1.390570288554273975e+04 1.221046860303339963e+04 8.235088597247273356e+03 6.367075820441261385e+03 4.669804468545380587e+03 3.618911933039677479e+03 2.639307039440251174e+03 1.977674064524880350e+03 1.444857694013843229e+03 1.031086713299147959e+03 7.278830650466092038e+02 5.294969162238335230e+02 3.599581860825024364e+02 2.457903573622848228e+02 1.647325051015654935e+02 1.070118651820014577e+02 6.804958223240664950e+01 4.443338126048192294e+01 3.031631476059562758e+01 2.157906202384596739e+01 1.730101903938186325e+01 1.476008874979567231e+01 1.291948748149420112e+01 1.046687469082476163e+01 8.990700754135865225e+00 8.034624176010369823e+00 6.755056569450743176e+00 5.984311039812405753e+00 5.200684714738082803e+00 4.470108931724969814e+00 3.876386005929779888e+00 3.357573198146303284e+00 3.014679772199178043e+00 2.688513673057185915e+00 2.426712630784526148e+00 2.218461044074233168e+00 2.040458698275211091e+00 1.824764579628978645e+00 1.656570272859325454e+00 1.470140065595707535e+00 1.284926102994848662e+00 1.073004576537581078e+00 8.452734426334334028e-01 6.348000432580930275e-01
4.379345246760403825e+04 3.537932977659252356e+04 2.819163238511892996e+04 2.231882606001257227e+04 1.681808666882506077e+04 1.375750858966957276e+04 1.054780493594897052e+04 8.235088597247273356e+03 6.931496141886587793e+03 4.823374503358204493e+03 3.561121510836262132e+03 2.730330520976194748e+03 2.012387249169949200e+03 1.504038474819880776e+03 1.090001193182682300e+03 7.726009244851193216e+02 5.474159104446055153e+02 4.022982711238578872e+02 2.725960246141704033e+02 1.853514134801550313e+02 1.227689947570004989e+02 8.055770694147857114e+01 5.104123173174301087e+01 3.341607288001363685e+01 2.279445340094927985e+01 1.623479157434249842e+01 1.290173721385373717e+01 1.109650508178381578e+01 9.684285568969054125e+00 7.732938717222612723e+00 6.768540626711062380e+00 5.918386201426028670e+00 4.973875097671803580e+00 4.468192501498025493e+00 3.863385752628105241e+00 3.336855123349954599e+00 2.870761231871014285e+00 2.516195834038081891e+00 2.272188380820082898e+00 2.026039498825806362e+00 1.841569719304076092e+00 1.681854011737356824e+00 1.543863843014174231e+00 1.385803658874204869e+00 1.254787156592790387e+00 1.112680145606795623e+00 9.750510241748567841e-01 8.103270119479393241e-01 6.294818328632613147e-01 4.688421234819785677e-01
3.341999310593758855e+04 2.685551721225111396e+04 2.173551361063719014e+04 1.736048234086253797e+04 1.305344211221773730e+04 1.064038697749433413e+04 8.106069669412695475e+03 6.367075820441261385e+03 4.823374503358204493e+03 4.159491046550362626e+03 2.764769080131373357e+03 2.134922756351859789e+03 1.553104236222276086e+03 1.166284058516554524e+03 8.612589634038461099e+02 6.127152701229556442e+02 4.323025422452309954e+02 3.135927333791178171e+02 2.143702015423507419e+02 1.449902418414814917e+02 9.693129397505656186e+01 6.348415533216331141e+01 3.996053778398612621e+01 2.613351799296230737e+01 1.791891693545474595e+01 1.294489563319762127e+01 1.045266229190452734e+01 8.946893195541411714e+00 7.689718862275579880e+00 6.157349775984669371e+00 5.444192836187970563e+00 4.754484547464224775e+00 3.979845896382260939e+00 3.507991384219891540e+00 3.072294685071449649e+00 2.638337550825753830e+00 2.287452303120938168e+00 1.999087735716254421e+00 1.796310198073802544e+00 1.601195974909721542e+00 1.445126593732827036e+00 1.320995128376365013e+00 1.214355287623511526e+00 1.089123502735531268e+00 9.834952969438959247e-01 8.709753576539855935e-01 7.675056587543935827e-01 6.395849321077795580e-01 5.008403002833147211e-01 3.770912449051940230e-01
2.390261346202568166e+04 1.959080496224747549e+04 1.614599267155597954e+04 1.279603783895971355e+04 9.739618752604661495e+03 7.863765014699336461e+03 5.959717192518958655e+03 4.669804468545380587e+03 3.561121510836262132e+03 2.764769080131373357e+03 2.241943762269745093e+03 1.595824524978007275e+03 1.165094723532734406e+03 8.725754914319517184e+02 6.348063428920335127e+02 4.518545853247960054e+02 3.207502576796604217e+02 2.331493966134021889e+02 1.592210497525427115e+02 1.070874452795298168e+02 7.128881814998484856e+01 4.640560518596208794e+01 2.942227676065434849e+01 1.932999135955074266e+01 1.324643441601265614e+01 9.346455525726643287e+00 7.552281279139553938e+00 6.436274275051287574e+00 5.555836676771413352e+00 4.539825419220922420e+00 3.896014392978328189e+00 3.441169901279423904e+00 2.899107382708441705e+00 2.610188892563775287e+00 2.263368926759556476e+00 1.954062313134056872e+00 1.692695109860168134e+00 1.458783453522244367e+00 1.321316542488979673e+00 1.179762318815392508e+00 1.063849503436733679e+00 9.652659904088380927e-01 8.952150598885000310e-01 7.990977533732186444e-01 7.238471561316709435e-01 6.428680366893496645e-01 5.633995793827994980e-01 4.715442085114581183e-01 3.697139950902095240e-01 2.799634811643201271e-01
1.884019176375290044e+04 1.536975660944798619e+04 1.217340688856497582e+04 9.802851625455345129e+03 7.419243134597906646e+03 6.039902660019427458e+03 4.581203730437823651e+03 3.618911933039677479e+03 2.730330520976194748e+03 2.134922756351859789e+03 1.595824524978007275e+03 1.322408301190163684e+03 9.093729867712251007e+02 6.728723249621681362e+02 4.895808640425445901e+02 3.514541772630649348e+02 2.477921225415943240e+02 1.797421903811122945e+02 1.217508724190727349e+02 8.190267955257222354e+01 5.501797637313448064e+01 3.591886657178936559e+01 2.275583546608066499e+01 1.488717424527525779e+01 1.015880745138742292e+01 7.308418898315809820e+00 6.009501645470362696e+00 5.099428722125328051e+00 4.329764641168154959e+00 3.519988355340504249e+00 3.087832113893274499e+00 2.696758015340984471e+00 2.288431921619322296e+00 2.048976482487263162e+00 1.759503138830323499e+00 1.501682804773044833e+00 1.304815956397470833e+00 1.139313948369871987e+00 1.027061720332790529e+00 9.145767581013445335e-01 8.268055513965676395e-01 7.524188117500387740e-01 6.960006828551600355e-01 6.243037594967248971e-01 5.657261706287184388e-01 4.996274140020145471e-01 4.353869501040260048e-01 3.625000134873354596e-01 2.832623327204266128e-01 2.114528883785134206e-01
1.386270132558502155e+04 1.137706225829263349e+04 9.148640388767233162e+03 7.285761934385185668e+03 5.497428805782084055e+03 4.452627292380169820e+03 3.355285376534154238e+03 2.639307039440251174e+03 2.012387249169949200e+03 1.553104236222276086e+03 1.165094723532734406e+03 9.093729867712251007e+02 7.316013685744261466e+02 5.044744062401908877e+02 3.678646581547894812e+02 2.628062615867294767e+02 1.847369772603984188e+02 1.338858365423571968e+02 9.099818008557033977e+01 6.087300408997644041e+01 4.077694128292240094e+01 2.646619306891613377e+01 1.674280907859242973e+01 1.093178821552378643e+01 7.546317669226677793e+00 5.437238412897164253e+00 4.418876729120330360e+00 3.736146238657881202e+00 3.239404371999940135e+00 2.629690987497015797e+00 2.257634158993559570e+00 1.966045747417322964e+00 1.670174639351794221e+00 1.481866477758909451e+00 1.284655918240728001e+00 1.097243428564447454e+00 9.640341544689590147e-01 8.432401751924187838e-01 7.553176404367707431e-01 6.744376162049703360e-01 6.106287972998278857e-01 5.537743770510132890e-01 5.102959475429450498e-01 4.548836402385942890e-01 4.133576035947959526e-01 3.655420493577034580e-01 3.196946033661433040e-01 2.681168666558740865e-01 2.112808371882883562e-01 1.589887229461624252e-01
1.031450562916422496e+04 8.473665807034531099e+03 6.768615873432203443e+03 5.402792081430618055e+03 4.042747358928915219e+03 3.323969343371154537e+03 2.514194255712528047e+03 1.977674064524880350e+03 1.504038474819880776e+03 1.166284058516554524e+03 8.725754914319517184e+02 6.728723249621681362e+02 5.044744062401908877e+02 4.022396415211349563e+02 2.765658925792576497e+02 1.968685243966786231e+02 1.380706768440032022e+02 9.978016194074349698e+01 6.805958380945071440e+01 4.603103981480666107e+01 3.060298169473433560e+01 1.993560242054329734e+01 1.252584253146851800e+01 8.195760366078609138e+00 5.633218138933131947e+00 4.057899245509334563e+00 3.315360926613956316e+00 2.796370160681978856e+00 2.400618575544015698e+00 1.963093862109961840e+00 1.716940459748276027e+00 1.501993480830406291e+00 1.254747763985372355e+00 1.113400214216667905e+00 9.619099552237667661e-01 8.342603201980728356e-01 7.235196454056387338e-01 6.309564365339436209e-01 5.670762381773980509e-01 5.040587054271659095e-01 4.544826188646511889e-01 4.159024967636048009e-01 3.844506930267374001e-01 3.430453923336261868e-01 3.098180705260992762e-01 2.753318697833712081e-01 2.427774209528079929e-01 2.032911433992134753e-01 1.602149693364034455e-01 1.217877168907608304e-01
7.555982618281131181e+03 6.195572705549065176e+03 4.987067359186326030e+03 3.949716484361308630e+03 2.984593606804486171e+03 2.454781921631160458e+03 1.851803959759863574e+03 1.444857694013843229e+03 1.090001193182682300e+03 8.612589634038461099e+02 6.348063428920335127e+02 4.895808640425445901e+02 3.678646581547894812e+02 2.765658925792576497e+02 2.182590384004693931e+02 1.460645296739992602e+02 1.036632403840473557e+02 7.501752186965080682e+01 5.120961379659220825e+01 3.438009894740594774e+01 2.297102655508168212e+01 1.492343736854526703e+01 9.355453105803324121e+00 6.146406287291418913e+00 4.213773071163624984e+00 3.042812771503289326e+00 2.430326602132465208e+00 2.066422941399555846e+00 1.790652678335598935e+00 1.461800408614932989e+00 1.278818824062512016e+00 1.117094650894933539e+00 9.368797566017948997e-01 8.270126093653747956e-01 7.248672291627104025e-01 6.190765228468664283e-01 5.377707071131712091e-01 4.700159773951534947e-01 4.184130833308992714e-01 3.742923013457732928e-01 3.401902813114707769e-01 3.110750877495973010e-01 2.850025825142781244e-01 2.560804310711586873e-01 2.316882626512264121e-01 2.062742137033701240e-01 1.805283208354787894e-01 1.507823019876090576e-01 1.185732956928586684e-01 8.920326618254591222e-02
5.396466035399125758e+03 4.354336882599903220e+03 3.549342301711169057e+03 2.789207422007231798e+03 2.117596733506966757e+03 1.718642637888021454e+03 1.306247257205034884e+03 1.031086713299147959e+03 7.726009244851193216e+02 6.127152701229556442e+02 4.518545853247960054e+02 3.514541772630649348e+02 2.628062615867294767e+02 1.968685243966786231e+02 1.460645296739992602e+02 1.118615428218527228e+02 7.467855750059189290e+01 5.407386209751784634e+01 3.653742703985753337e+01 2.444789630041929485e+01 1.615712695882825045e+01 1.046494378568465855e+01 6.635432569557823790e+00 4.384922144995710092e+00 3.031535437859573356e+00 2.202555852033767803e+00 1.797002640853151867e+00 1.520564900780148498e+00 1.308205187406390246e+00 1.069352839464654759e+00 9.323004849772147384e-01 8.135569671947390225e-01 6.834971139184380373e-01 6.035121671716243696e-01 5.217033933102867005e-01 4.482480447809399915e-01 3.896552566912084292e-01 3.366026859967875540e-01 3.013293663054528726e-01 2.676285559151826421e-01 2.421368633966299033e-01 2.203053560961401036e-01 2.039001588963786082e-01 1.817824168775688809e-01 1.635303442127284956e-01 1.445927286026365555e-01 1.270138009083504049e-01 1.064481758755129320e-01 8.399985905383353102e-02 6.320148970334295291e-02
3.818785793551003735e+03 3.087164691077136013e+03 2.534804234385571363e+03 1.974565907176538076e+03 1.504590175010619532e+03 1.219455924425024932e+03 9.261293147263450010e+02 7.278830650466092038e+02 5.474159104446055153e+02 4.323025422452309954e+02 3.207502576796604217e+02 2.477921225415943240e+02 1.847369772603984188e+02 1.380706768440032022e+02 1.036632403840473557e+02 7.467855750059189290e+01 5.633885372126026425e+01 3.892016016966159242e+01 2.644319565797685101e+01 1.755384354287489046e+01 1.165945389223290185e+01 7.531562071100894151e+00 4.725318036185874426e+00 3.112970666350929339e+00 2.146189640571689150e+00 1.532489454952821184e+00 1.242151692395415452e+00 1.067029671023244752e+00 9.181217390684162094e-01 7.465544944457149779e-01 6.523895659509186817e-01 5.716217499274350855e-01 4.798289233252729380e-01 4.263650479132457538e-01 3.703153654885700807e-01 3.204147266056878163e-01 2.765534601943300808e-01 2.413129860435294094e-01 2.162411940371012087e-01 1.924102731399439381e-01 1.735654752331382833e-01 1.571061115481941495e-01 1.451895151839796283e-01 1.305490594146635763e-01 1.177651705028364276e-01 1.044971284391337102e-01 9.179425091585295682e-02 7.703710794624664404e-02 6.098468179724189642e-02 4.617097772226857327e-02
2.814785778698941613e+03 2.260035762415299814e+03 1.858696217031818378e+03 1.449376384918489975e+03 1.097087378826284521e+03 8.888311582560641000e+02 6.733252533607354735e+02 5.294969162238335230e+02 4.022982711238578872e+02 3.135927333791178171e+02 2.331493966134021889e+02 1.797421903811122945e+02 1.338858365423571968e+02 9.978016194074349698e+01 7.501752186965080682e+01 5.407386209751784634e+01 3.892016016966159242e+01 2.997559452812137692e+01 1.955492434998966189e+01 1.301969549862043074e+01 8.616751140587686209e+00 5.573114245669901656e+00 3.513886771406650844e+00 2.301454460528392421e+00 1.567623980370646208e+00 1.124783542534267156e+00 9.118869691358423291e-01 7.823943003782002359e-01 6.753852619588733841e-01 5.437669451456706993e-01 4.737047233637933785e-01 4.206447810120454434e-01 3.535806988519651917e-01 3.147710832161343397e-01 2.728145452844593088e-01 2.339041809018835016e-01 2.031478953236361129e-01 1.759619544509061773e-01 1.572090224345533416e-01 1.402776883936609764e-01 1.266989507835854789e-01 1.156520671801220118e-01 1.070786216285967568e-01 9.590562069844366100e-02 8.701703041012147366e-02 7.759353575383542978e-02 6.810984175535793328e-02 5.686280980066736601e-02 4.467063425100553653e-02 3.378625638918524715e-02
1.935520171893080260e+03 1.563740245101336541e+03 1.278421226458965521e+03 1.002428297704291936e+03 7.555153605526119236e+02 6.102564814202976322e+02 4.618309678290097509e+02 3.599581860825024364e+02 2.725960246141704033e+02 2.143702015423507419e+02 1.592210497525427115e+02 1.217508724190727349e+02 9.099818008557033977e+01 6.805958380945071440e+01 5.120961379659220825e+01 3.653742703985753337e+01 2.644319565797685101e+01 1.955492434998966189e+01 1.425747962866091534e+01 9.153585719558144262e+00 6.038594347934658657e+00 3.877838076287700275e+00 2.438532446597299064e+00 1.590585581452661490e+00 1.077215913960724913e+00 7.698507910102475593e-01 6.252065226697500755e-01 5.350123609203021324e-01 4.643140993556901797e-01 3.759108906326086852e-01 3.288607244750628711e-01 2.880520786293633839e-01 2.412213960400377277e-01 2.142370349487801862e-01 1.856827506133991723e-01 1.591581707310814053e-01 1.387653144357170465e-01 1.207381163857270262e-01 1.081043960443335700e-01 9.679132981059891672e-02 8.738800507100280557e-02 7.938359453774637697e-02 7.339219352630342585e-02 6.591272316317815794e-02 5.946691712112877476e-02 5.293208610685836563e-02 4.669434416732411164e-02 3.914918224390392942e-02 3.083440205118568450e-02 2.344557322599051530e-02
1.325611522767137558e+03 1.077457011991149102e+03 8.584161086275414618e+02 6.812861775248812819e+02 5.119745900712056255e+02 4.132918733175542343e+02 3.136587103024711496e+02 2.457903573622848228e+02 1.853514134801550313e+02 1.449902418414814917e+02 1.070874452795298168e+02 8.190267955257222354e+01 6.087300408997644041e+01 4.603103981480666107e+01 3.438009894740594774e+01 2.444789630041929485e+01 1.755384354287489046e+01 1.301969549862043074e+01 9.153585719558144262e+00 6.522384568159911744e+00 4.137859826110598327e+00 2.678242253866934597e+00 1.673748563950262946e+00 1.084193814259578614e+00 7.347760495189054053e-01 5.314795785110224546e-01 4.300874542437374548e-01 3.625913108217149738e-01 3.155134769836269171e-01 2.548933607364099463e-01 2.219852359793525742e-01 1.955533874634700908e-01 1.640326883864401675e-01 1.464402385109765392e-01 1.261240862768729654e-01 1.088063191771080768e-01 9.434922640776764735e-02 8.180028499619082516e-02 7.349689041818754931e-02 6.520770686417845519e-02 5.903303081714972311e-02 5.393525694406825499e-02 4.962671779521136972e-02 4.450490522505852475e-02 4.028902421093497055e-02 3.602948063991291694e-02 3.172327132180857018e-02 2.660279627547752768e-02 2.094233720493670486e-02 1.592688669520609876e-02
8.841477085880397908e+02 7.178551421856061552e+02 5.819265726488127939e+02 4.555638644560206671e+02 3.445250471633195843e+02 2.754240120747375613e+02 2.119517432438125013e+02 1.647325051015654935e+02 1.227689947570004989e+02 9.693129397505656186e+01 7.128881814998484856e+01 5.501797637313448064e+01 4.077694128292240094e+01 3.060298169473433560e+01 2.297102655508168212e+01 1.615712695882825045e+01 1.165945389223290185e+01 8.616751140587686209e+00 6.038594347934658657e+00 4.137859826110598327e+00 2.942449310902103488e+00 1.840697145504119892e+00 1.146727966877808980e+00 7.421317440863377524e-01 5.059054270854699276e-01 3.613295541396250310e-01 2.898921457061982010e-01 2.429015671580211089e-01 2.086348931309391641e-01 1.682887188819150726e-01 1.478374941136901821e-01 1.294667299128096916e-01 1.090972677213091629e-01 9.773908165143237181e-02 8.482095488352783819e-02 7.266037495313283634e-02 6.328939209214520800e-02 5.476293126839679171e-02 4.919447166716672121e-02 4.381220174979817694e-02 3.977244626472364181e-02 3.613404356531475098e-02 3.322861989693694229e-02 2.992682694583585074e-02 2.710311877686181689e-02 2.426843286022445367e-02 2.140162220091199746e-02 1.778108897895691598e-02 1.395531413472958504e-02 1.055332574079057527e-02
5.840354485917196143e+02 4.630650589825823999e+02 3.755966445661236435e+02 2.971526841306396136e+02 2.241500572939702067e+02 1.815601221976587851e+02 1.406804893477210214e+02 1.070118651820014577e+02 8.055770694147857114e+01 6.348415533216331141e+01 4.640560518596208794e+01 3.591886657178936559e+01 2.646619306891613377e+01 1.993560242054329734e+01 1.492343736854526703e+01 1.046494378568465855e+01 7.531562071100894151e+00 5.573114245669901656e+00 3.877838076287700275e+00 2.678242253866934597e+00 1.840697145504119892e+00 1.297976098914439103e+00 7.815789926954581635e-01 5.087272439752372755e-01 3.419684736790641888e-01 2.433548172323720393e-01 1.943439820893562431e-01 1.618700521096091971e-01 1.395680286221624711e-01 1.122238822628719573e-01 9.715317865091704919e-02 8.344696321926002580e-02 6.979261682670409583e-02 6.261751181884434025e-02 5.421214171107726493e-02 4.690701203689440213e-02 4.071182229368852656e-02 3.525136226557065017e-02 3.186828674087578001e-02 2.812106767829437165e-02 2.535276823714492644e-02 2.310502366597179044e-02 2.123443986533145658e-02 1.906177107386986327e-02 1.717850140255457181e-02 1.537197129055977232e-02 1.351558688606240705e-02 1.125217105471558801e-02 8.872620669268459562e-03 6.734661692125987892e-03
3.663846757867855217e+02 2.932393272194814813e+02 2.386442503694384243e+02 1.868469512591128137e+02 1.412485501175275431e+02 1.153661125373567842e+02 8.839988728117599237e+01 6.804958223240664950e+01 5.104123173174301087e+01 3.996053778398612621e+01 2.942227676065434849e+01 2.275583546608066499e+01 1.674280907859242973e+01 1.252584253146851800e+01 9.355453105803324121e+00 6.635432569557823790e+00 4.725318036185874426e+00 3.513886771406650844e+00 2.438532446597299064e+00 1.673748563950262946e+00 1.146727966877808980e+00 7.815789926954581635e-01 5.391224403764474093e-01 3.417137752753558466e-01 2.289005334896077881e-01 1.612074838643190455e-01 1.275654718800813547e-01 1.047275412604740941e-01 8.991338144948832212e-02 7.184284897077063137e-02 6.163373134293070182e-02 5.379713121685403276e-02 4.534725545015155790e-02 3.992312320113998447e-02 3.462909968618846368e-02 2.975827571976048802e-02 2.600577125927996253e-02 2.237376668874564711e-02 2.019081488295019697e-02 1.776285587488574472e-02 1.611704269477378174e-02 1.449604718988235091e-02 1.337891777816222795e-02 1.203588273533496948e-02 1.090666823813647539e-02 9.768865833538663279e-03 8.577477747119645682e-03 7.154460226208731073e-03 5.606363768180714843e-03 4.261414037139307949e-03
2.386228973780485205e+02 1.862029257797570381e+02 1.562012354925677471e+02 1.231741778573174741e+02 9.275480189531012343e+01 7.533670548220693775e+01 5.740355480365864338e+01 4.443338126048192294e+01 3.341607288001363685e+01 2.613351799296230737e+01 1.932999135955074266e+01 1.488717424527525779e+01 1.093178821552378643e+01 8.195760366078609138e+00 6.146406287291418913e+00 4.384922144995710092e+00 3.112970666350929339e+00 2.301454460528392421e+00 1.590585581452661490e+00 1.084193814259578614e+00 7.421317440863377524e-01 5.087272439752372755e-01 3.417137752753558466e-01 2.571856632321349312e-01 1.701734895167628936e-01 1.165510624602809631e-01 8.853007577175747711e-02 7.167857644795300187e-02 6.097419384562286632e-02 4.810439498909530043e-02 4.154887345587147257e-02 3.551093550825136502e-02 2.943914891928617675e-02 2.612914438399919007e-02 2.278586645515597031e-02 1.994580221392123001e-02 1.718007443457475122e-02 1.477952584107428656e-02 1.326597544019941267e-02 1.164682823830503686e-02 1.059767039494404275e-02 9.520763415576644073e-03 8.826037226354568888e-03 7.903448841211233034e-03 7.126315683276821661e-03 6.374040938870428538e-03 5.570912687649191841e-03 4.641545023705937779e-03 3.605280777766696303e-03 2.708036556192234233e-03
1.643680420710277872e+02 1.286253790626171281e+02 1.051619900630329454e+02 8.456120298521128120e+01 6.289323556529895143e+01 5.164890771619000986e+01 3.965471865356758485e+01 3.031631476059562758e+01 2.279445340094927985e+01 1.791891693545474595e+01 1.324643441601265614e+01 1.015880745138742292e+01 7.546317669226677793e+00 5.633218138933131947e+00 4.213773071163624984e+00 3.031535437859573356e+00 2.146189640571689150e+00 1.567623980370646208e+00 1.077215913960724913e+00 7.347760495189054053e-01 5.059054270854699276e-01 3.419684736790641888e-01 2.289005334896077881e-01 1.701734895167628936e-01 1.335843143814049172e-01 8.927556370608799585e-02 6.536921772985711254e-02 5.149257035264049459e-02 4.328851505209463379e-02 3.372721831458932312e-02 2.931506594505625327e-02 2.533636668496340449e-02 2.061339015665999974e-02 1.830087474925117322e-02 1.592382591811471529e-02 1.372437153708217644e-02 1.194290148477692229e-02 1.028590792200041910e-02 9.267477603464037081e-03 8.129886388729062191e-03 7.389132693991738721e-03 6.642491258476993649e-03 6.174260656778114524e-03 5.535671124589041162e-03 4.990419433063627772e-03 4.438569810366900167e-03 3.878767531394025549e-03 3.201947766330530409e-03 2.464068280314032650e-03 1.838318115984951921e-03
1.170581567886216021e+02 9.364413801250640290e+01 7.607028654896419084e+01 6.032566316218341740e+01 4.472361198751502087e+01 3.635766163047910737e+01 2.833737869395947229e+01 2.157906202384596739e+01 1.623479157434249842e+01 1.294489563319762127e+01 9.346455525726643287e+00 7.308418898315809820e+00 5.437238412897164253e+00 4.057899245509334563e+00 3.042812771503289326e+00 2.202555852033767803e+00 1.532489454952821184e+00 1.124783542534267156e+00 7.698507910102475593e-01 5.314795785110224546e-01 3.613295541396250310e-01 2.433548172323720393e-01 1.612074838643190455e-01 1.165510624602809631e-01 8.927556370608799585e-02 7.320228668234879388e-02 5.280307118569003977e-02 3.954154892330036253e-02 3.229511339702439976e-02 2.498181208397308797e-02 2.084256574040222604e-02 1.806827493546584937e-02 1.521561793057162569e-02 1.355181956007667395e-02 1.170579322018665269e-02 1.003485052189720741e-02 8.694688209567787499e-03 7.412378753637816065e-03 6.647580001746672407e-03 5.824424243560239606e-03 5.281897414506604195e-03 4.750930627560026077e-03 4.394293945144703457e-03 3.957569264055006350e-03 3.574338634580804391e-03 3.166791976689741200e-03 2.761232357689243425e-03 2.296241091172625953e-03 1.763393930631373431e-03 1.312377951861684079e-03
9.311521816904314619e+01 7.648468419262765394e+01 6.105002084824081265e+01 4.802447952190993874e+01 3.652107538223460637e+01 2.919913825510206706e+01 2.280093494263078213e+01 1.730101903938186325e+01 1.290173721385373717e+01 1.045266229190452734e+01 7.552281279139553938e+00 6.009501645470362696e+00 4.418876729120330360e+00 3.315360926613956316e+00 2.430326602132465208e+00 1.797002640853151867e+00 1.242151692395415452e+00 9.118869691358423291e-01 6.252065226697500755e-01 4.300874542437374548e-01 2.898921457061982010e-01 1.943439820893562431e-01 1.275654718800813547e-01 8.853007577175747711e-02 6.536921772985711254e-02 5.280307118569003977e-02 4.841640173175614653e-02 3.514762715331886528e-02 2.792909903609502170e-02 2.068119045921597982e-02 1.693906017569696276e-02 1.440895922936017565e-02 1.216319307456658130e-02 1.091153032789305907e-02 9.436626255173755431e-03 8.060224673169153614e-03 6.915869725296063496e-03 5.974797933652694661e-03 5.410414211320016716e-03 4.743654276915361227e-03 4.302781341210691959e-03 3.849677934387885775e-03 3.543900574882503582e-03 3.194448363895785806e-03 2.881581286988294487e-03 2.563302852354547128e-03 2.265617741042730369e-03 1.897229309340992117e-03 1.484797664641976595e-03 1.122270907128579366e-03
7.732868884595058034e+01 6.326257868240470117e+01 5.155638328297136042e+01 4.028627144801856730e+01 3.103236902294258925e+01 2.473345784907209222e+01 1.899407619067386932e+01 1.476008874979567231e+01 1.109650508178381578e+01 8.946893195541411714e+00 6.436274275051287574e+00 5.099428722125328051e+00 3.736146238657881202e+00 2.796370160681978856e+00 2.066422941399555846e+00 1.520564900780148498e+00 1.067029671023244752e+00 7.823943003782002359e-01 5.350123609203021324e-01 3.625913108217149738e-01 2.429015671580211089e-01 1.618700521096091971e-01 1.047275412604740941e-01 7.167857644795300187e-02 5.149257035264049459e-02 3.954154892330036253e-02 3.514762715331886528e-02 3.215963790054186117e-02 2.580701681715898144e-02 1.871314569745865034e-02 1.510475803488534573e-02 1.289597437840392727e-02 1.081574217065988004e-02 9.526285950735784158e-03 8.174055186775058476e-03 7.029275532746870683e-03 5.991916134692971095e-03 5.173613666779014464e-03 4.606246821875256692e-03 4.063264539761839850e-03 3.681287130304106148e-03 3.309271826876015923e-03 3.050085007739335337e-03 2.768875886995248153e-03 2.510269404325468374e-03 2.228440820828552198e-03 1.966930095076144854e-03 1.644508839339511560e-03 1.293699148658368535e-03 9.747409233837112715e-04
6.679924063889011165e+01 5.608480988236475184e+01 4.497765899172943449e+01 3.531333971548430384e+01 2.647838898077251812e+01 2.178746577262798567e+01 1.653807798295824583e+01 1.291948748149420112e+01 9.684285568969054125e+00 7.689718862275579880e+00 5.555836676771413352e+00 4.329764641168154959e+00 3.239404371999940135e+00 2.400618575544015698e+00 1.790652678335598935e+00 1.308205187406390246e+00 9.181217390684162094e-01 6.753852619588733841e-01 4.643140993556901797e-01 3.155134769836269171e-01 2.086348931309391641e-01 1.395680286221624711e-01 8.991338144948832212e-02 6.097419384562286632e-02 4.328851505209463379e-02 3.229511339702439976e-02 2.792909903609502170e-02 2.580701681715898144e-02 2.555830517296080878e-02 1.822979800779671658e-02 1.392772991733896328e-02 1.153729299450088550e-02 9.849944640543855170e-03 8.617138837474032712e-03 7.242505025545719829e-03 6.121938297352104257e-03 5.241029429301655336e-03 4.557114344978454787e-03 4.032364793463644702e-03 3.578808270615094298e-03 3.252513999974017064e-03 2.933751578891647793e-03 2.690514716202222281e-03 2.416876211408586911e-03 2.181281268482808226e-03 1.935648325344963309e-03 1.710378270018535771e-03 1.430903280854646043e-03 1.113172920924619495e-03 8.396717893086173314e-04
5.476004546158491593e+01 4.559508839590490226e+01 3.666140744733402101e+01 2.886449605827776921e+01 2.146286692636105542e+01 1.780278490348869269e+01 1.336688171105445022e+01 1.046687469082476163e+01 7.732938717222612723e+00 6.157349775984669371e+00 4.539825419220922420e+00 3.519988355340504249e+00 2.629690987497015797e+00 1.963093862109961840e+00 1.461800408614932989e+00 1.069352839464654759e+00 7.465544944457149779e-01 5.437669451456706993e-01 3.759108906326086852e-01 2.548933607364099463e-01 1.682887188819150726e-01 1.122238822628719573e-01 7.184284897077063137e-02 4.810439498909530043e-02 3.372721831458932312e-02 2.498181208397308797e-02 2.068119045921597982e-02 1.871314569745865034e-02 1.822979800779671658e-02 1.631216237740760328e-02 1.235226442369360446e-02 9.868918073188650414e-03 8.182023588362924427e-03 7.048931117028745669e-03 5.967236787151912122e-03 5.055041092514713473e-03 4.317627234258243976e-03 3.788971153157629727e-03 3.320973621197476338e-03 2.958563554989505299e-03 2.673416081868098745e-03 2.416659633821657740e-03 2.217326147358472145e-03 1.970415191428139499e-03 1.761204073868505868e-03 1.560199738143727959e-03 1.366640211478851053e-03 1.145812425516677408e-03 9.050377778885685840e-04 6.978643021985699588e-04
4.723105882444345838e+01 3.987607652190047247e+01 3.155656801670653167e+01 2.533430749773762614e+01 1.837684620777839939e+01 1.565617524861286292e+01 1.165193815144558442e+01 8.990700754135865225e+00 6.768540626711062380e+00 5.444192836187970563e+00 3.896014392978328189e+00 3.087832113893274499e+00 2.257634158993559570e+00 1.716940459748276027e+00 1.278818824062512016e+00 9.323004849772147384e-01 6.523895659509186817e-01 4.737047233637933785e-01 3.288607244750628711e-01 2.219852359793525742e-01 1.478374941136901821e-01 9.715317865091704919e-02 6.163373134293070182e-02 4.154887345587147257e-02 2.931506594505625327e-02 2.084256574040222604e-02 1.693906017569696276e-02 1.510475803488534573e-02 1.392772991733896328e-02 1.235226442369360446e-02 1.149394627194947824e-02 9.086697882800521403e-03 7.145350174320394022e-03 6.145497169223408489e-03 5.261196992006578546e-03 4.469829235148898433e-03 3.793975067752410231e-03 3.330964761673159066e-03 2.941109409705020255e-03 2.598381339664321710e-03 2.354363299982767735e-03 2.146502877494793626e-03 1.987554465355566465e-03 1.777699866465188867e-03 1.586096545221775444e-03 1.411545137060090434e-03 1.234332776358006189e-03 1.030905912801209330e-03 8.182413644999934899e-04 6.273774953865988557e-04
4.081855852099572246e+01 3.449593834840115392e+01 2.756653861987762255e+01 2.217458716962664766e+01 1.622455265916744338e+01 1.364009168261513061e+01 1.004415082085363231e+01 8.034624176010369823e+00 5.918386201426028670e+00 4.754484547464224775e+00 3.441169901279423904e+00 2.696758015340984471e+00 1.966045747417322964e+00 1.501993480830406291e+00 1.117094650894933539e+00 8.135569671947390225e-01 5.716217499274350855e-01 4.206447810120454434e-01 2.880520786293633839e-01 1.955533874634700908e-01 1.294667299128096916e-01 8.344696321926002580e-02 5.379713121685403276e-02 3.551093550825136502e-02 2.533636668496340449e-02 1.806827493546584937e-02 1.440895922936017565e-02 1.289597437840392727e-02 1.153729299450088550e-02 9.868918073188650414e-03 9.086697882800521403e-03 8.736956785612620680e-03 6.583965381712251000e-03 5.461451001734314928e-03 4.715954072702707202e-03 3.972498788392198402e-03 3.357828184470350221e-03 2.889256824898154326e-03 2.569666216765690431e-03 2.295583884655542310e-03 2.071765695272409242e-03 1.879353293439609690e-03 1.750926104460733121e-03 1.570212294631626255e-03 1.410797833615014350e-03 1.261144495037594751e-03 1.099100111451270729e-03 9.124519479523345716e-04 7.259909685541632296e-04 5.561765231748605530e-04
