2.092774147887615788e-01 8.995990922951009280e-05 5.843882091826730144e-03 2.421737205010632797e-03 4.091345619456942043e-03 1.523982202877234571e-02
8.995990922951009280e-05 6.081110997397518730e-02 5.269725360832690393e-03 6.909544046361665477e-03 8.061015519696165810e-03 1.160217114351924997e-02
5.843882091826730144e-03 5.269725360832690393e-03 7.375883478438702290e-02 7.308776400186105075e-03 9.099154561665869986e-03 1.061557575555112723e-02
2.421737205010632797e-03 6.909544046361665477e-03 7.308776400186105075e-03 1.147379552356243282e-01 1.011055819516268849e-02 9.185463822055260283e-03
4.091345619456942043e-03 8.061015519696165810e-03 9.099154561665869986e-03 1.011055819516268849e-02 2.098861273104032643e-01 1.941481513997965827e-02
1.523982202877234571e-02 1.160217114351924997e-02 1.061557575555112723e-02 9.185463822055260283e-03 1.941481513997965827e-02 5.329562285159440416e-01
