2.126500168376819003e-02 4.201982400522289536e-04 1.918841444980991088e-04 4.148645732968380935e-04 3.763373762617005331e-04 7.622134608458362931e-04 1.929774682211600511e-04 6.340247501641757457e-04 5.895930592680494707e-04 1.400631300312318904e-03 4.328592889660243075e-03
4.201982400522289536e-04 4.576151605357648214e-03 3.547798651778933028e-04 2.863929887303476004e-04 4.967069958865131998e-04 2.845927988252839854e-04 4.936490728801991388e-04 4.755049860095394987e-04 6.520365018626706052e-04 1.120510021107636164e-03 1.279012153040591212e-03
1.918841444980991088e-04 3.547798651778933028e-04 5.085104143495372715e-03 4.131936615068337523e-04 4.515009673574463950e-04 4.256954054687976663e-04 8.472435912946687381e-04 8.707331496439285959e-04 6.765320355088288214e-04 1.571583596728221401e-03 2.448867182972326063e-03
4.148645732968380935e-04 2.863929887303476004e-04 4.131936615068337523e-04 6.212685586556544563e-03 6.853149735474789797e-04 5.598869335517512019e-04 7.160967966575815333e-04 8.282153805836833674e-04 1.002863047626310986e-03 2.552974696976626108e-03 1.102510682798044355e-03
3.763373762617005331e-04 4.967069958865131998e-04 4.515009673574463950e-04 6.853149735474789797e-04 8.360871569628206337e-03 6.282980566730737935e-04 9.208320823032798688e-04 1.093922151829157096e-03 7.267747531227825800e-04 2.141729940968934050e-03 2.088901811209376794e-03
7.622134608458362931e-04 2.845927988252839854e-04 4.256954054687976663e-04 5.598869335517512019e-04 6.282980566730737935e-04 1.088898187131870192e-02 1.069379732002737581e-03 1.940215895760281179e-03 1.632845534970401701e-03 2.838417836604997715e-03 2.951497725250403544e-03
1.929774682211600511e-04 4.936490728801991388e-04 8.472435912946687381e-04 7.160967966575815333e-04 9.208320823032798688e-04 1.069379732002737581e-03 1.549601856666014098e-02 1.699636996652687275e-03 1.821876982469541970e-03 3.210803919180920535e-03 6.288099835438219591e-03
6.340247501641757457e-04 4.755049860095394987e-04 8.707331496439285959e-04 8.282153805836833674e-04 1.093922151829157096e-03 1.940215895760281179e-03 1.699636996652687275e-03 2.579382990412150065e-02 2.363560523803174239e-03 1.272551744620904236e-03 4.155444436905464389e-03
5.895930592680494707e-04 6.520365018626706052e-04 6.765320355088288214e-04 1.002863047626310986e-03 7.267747531227825800e-04 1.632845534970401701e-03 1.821876982469541970e-03 2.363560523803174239e-03 4.932518206456307230e-02 3.805209419198453229e-03 4.485197336864325292e-03
1.400631300312318904e-03 1.120510021107636164e-03 1.571583596728221401e-03 2.552974696976626108e-03 2.141729940968934050e-03 2.838417836604997715e-03 3.210803919180920535e-03 1.272551744620904236e-03 3.805209419198453229e-03 1.122610416309755277e-01 1.332222412548582716e-02
4.328592889660243075e-03 1.279012153040591212e-03 2.448867182972326063e-03 1.102510682798044355e-03 2.088901811209376794e-03 2.951497725250403544e-03 6.288099835438219591e-03 4.155444436905464389e-03 4.485197336864325292e-03 1.332222412548582716e-02 2.579871424398599289e-01
